0.000000,0.536297,0.688896
0.021000,0.536459,0.688199
0.064000,0.536723,0.688320
0.085000,0.536723,0.688320
0.107000,0.536723,0.688320
0.033000,0.536678,0.689031
0.033000,0.536678,0.689031
0.055000,0.536723,0.688320
0.055000,0.536678,0.689031
0.076000,0.536675,0.687753
0.076000,0.536675,0.687753
0.097000,0.536629,0.688464
0.119000,0.536629,0.688464
0.119000,0.536629,0.688464
0.140000,0.536629,0.688464
0.140000,0.536629,0.688464
0.161000,0.536581,0.687897
0.161000,0.536581,0.687897
0.183000,0.536581,0.687897
0.183000,0.536581,0.687897
0.183000,0.536627,0.687186
0.204000,0.536579,0.686618
0.225000,0.536579,0.686618
0.225000,0.536579,0.686618
0.247000,0.536534,0.687329
0.247000,0.536534,0.687329
0.268000,0.536534,0.687329
0.268000,0.536534,0.687329
0.289000,0.536534,0.687329
0.311000,0.536534,0.687329
0.311000,0.536579,0.686618
0.332000,0.536742,0.685922
0.332000,0.536742,0.685922
0.353000,0.536532,0.686049
0.353000,0.536742,0.685922
0.353000,0.536532,0.686049
0.375000,0.536487,0.686760
0.396000,0.536487,0.686760
0.396000,0.536487,0.686760
0.417000,0.536487,0.686760
0.417000,0.536224,0.686636
0.439000,0.536224,0.686636
0.439000,0.536224,0.686636
0.460000,0.536269,0.685926
0.460000,0.536269,0.685926
0.481000,0.536269,0.685926
0.503000,0.536224,0.686636
0.503000,0.536224,0.686636
0.503000,0.536224,0.686636
0.524000,0.536487,0.686760
0.524000,0.536487,0.686760
0.545000,0.536487,0.686760
0.545000,0.536697,0.686633
0.567000,0.536697,0.686633
0.567000,0.536697,0.686633
0.588000,0.536960,0.686757
0.609000,0.536960,0.686757
0.609000,0.536960,0.686757
0.631000,0.537006,0.686044
0.631000,0.536742,0.685922
0.652000,0.536742,0.685922
0.652000,0.536742,0.685922
0.673000,0.536742,0.685922
0.673000,0.537051,0.685331
0.695000,0.537051,0.685331
0.695000,0.537006,0.686044
0.716000,0.537051,0.685331
0.716000,0.537051,0.685331
0.737000,0.537051,0.685331
0.737000,0.537260,0.685204
0.759000,0.537260,0.685204
0.759000,0.537260,0.685204
0.780000,0.537260,0.685204
0.801000,0.537260,0.685204
0.801000,0.537260,0.685204
0.823000,0.537260,0.685204
0.823000,0.537260,0.685204
0.844000,0.537260,0.685204
0.844000,0.537305,0.684490
0.844000,0.537305,0.684490
0.865000,0.537305,0.684490
0.887000,0.537568,0.684610
0.887000,0.537568,0.684610
0.908000,0.537522,0.684042
0.908000,0.537522,0.684042
0.929000,0.537568,0.684610
0.929000,0.537777,0.684483
0.951000,0.537821,0.683767
0.951000,0.537777,0.684483
0.972000,0.537777,0.684483
0.993000,0.537777,0.684483
0.993000,0.537777,0.684483
0.993000,0.537821,0.683767
1.015000,0.537821,0.683767
1.015000,0.537821,0.683767
1.036000,0.537613,0.683894
1.036000,0.537613,0.683894
1.057000,0.537566,0.683326
1.079000,0.537303,0.683206
1.079000,0.537303,0.683206
1.100000,0.537303,0.683206
1.100000,0.537303,0.683206
1.121000,0.537303,0.683206
1.121000,0.537303,0.683206
1.143000,0.537256,0.682637
1.143000,0.537256,0.682637
1.164000,0.537256,0.682637
1.164000,0.537256,0.682637
1.185000,0.537728,0.682632
1.185000,0.537728,0.682632
1.207000,0.537728,0.682632
1.207000,0.537775,0.683200
1.228000,0.537728,0.682632
1.228000,0.537728,0.682632
1.249000,0.537728,0.682632
1.271000,0.537728,0.682632
1.271000,0.537728,0.682632
1.292000,0.537684,0.683348
1.292000,0.537684,0.683348
1.313000,0.537684,0.683348
1.313000,0.537684,0.683348
1.313000,0.537684,0.683348
1.335000,0.537684,0.683348
1.335000,0.537728,0.682632
1.356000,0.537728,0.682632
1.377000,0.537728,0.682632
1.377000,0.537684,0.683348
1.399000,0.537684,0.683348
1.399000,0.537684,0.683348
1.420000,0.537684,0.683348
1.420000,0.537728,0.682632
1.441000,0.537728,0.682632
1.463000,0.537772,0.681915
1.463000,0.537772,0.681915
1.484000,0.537728,0.682632
1.484000,0.537728,0.682632
1.484000,0.537728,0.682632
1.505000,0.537728,0.682632
1.505000,0.537728,0.682632
1.527000,0.537728,0.682632
1.527000,0.537728,0.682632
1.548000,0.537728,0.682632
1.569000,0.537728,0.682632
1.569000,0.537728,0.682632
1.591000,0.537684,0.683348
1.591000,0.537684,0.683348
1.612000,0.537728,0.682632
1.612000,0.537728,0.682632
1.633000,0.537728,0.682632
1.655000,0.537728,0.682632
1.655000,0.537728,0.682632
1.655000,0.537728,0.682632
1.676000,0.537728,0.682632
1.676000,0.537728,0.682632
1.697000,0.537684,0.683348
1.697000,0.537731,0.683916
1.719000,0.537731,0.683916
1.740000,0.537731,0.683916
1.740000,0.537731,0.683916
1.761000,0.537684,0.683348
1.761000,0.537684,0.683348
1.783000,0.537684,0.683348
1.783000,0.537731,0.683916
1.804000,0.537731,0.683916
1.804000,0.537731,0.683916
1.804000,0.537731,0.683916
1.825000,0.537731,0.683916
1.847000,0.537684,0.683348
1.847000,0.537684,0.683348
1.868000,0.537684,0.683348
1.868000,0.537684,0.683348
1.889000,0.537684,0.683348
1.889000,0.537684,0.683348
1.911000,0.537684,0.683348
1.932000,0.537684,0.683348
1.932000,0.537684,0.683348
1.953000,0.537684,0.683348
1.953000,0.537684,0.683348
1.975000,0.537731,0.683916
1.975000,0.537731,0.683916
1.975000,0.537731,0.683916
1.996000,0.537686,0.684631
1.996000,0.537686,0.684631
2.017000,0.537686,0.684631
2.039000,0.537686,0.684631
2.039000,0.537686,0.684631
2.060000,0.537731,0.683916
2.060000,0.537731,0.683916
2.081000,0.537731,0.683916
2.081000,0.537731,0.683916
2.103000,0.537731,0.683916
2.103000,0.537731,0.683916
2.124000,0.537731,0.683916
2.124000,0.537731,0.683916
2.145000,0.537731,0.683916
2.145000,0.537731,0.683916
2.167000,0.537684,0.683348
2.167000,0.537684,0.683348
2.188000,0.537684,0.683348
2.188000,0.537731,0.683916
2.209000,0.537731,0.683916
2.231000,0.537731,0.683916
2.231000,0.537775,0.683200
2.252000,0.537775,0.683200
2.252000,0.537775,0.683200
2.273000,0.537731,0.683916
2.273000,0.537731,0.683916
2.295000,0.537731,0.683916
2.295000,0.537733,0.685197
2.316000,0.537733,0.685197
2.316000,0.537733,0.685197
2.337000,0.537790,0.686727
2.337000,0.537793,0.688006
2.359000,0.537796,0.689283
2.359000,0.537844,0.689847
2.380000,0.537894,0.690410
2.380000,0.537898,0.691683
2.401000,0.537898,0.691683
2.423000,0.537738,0.692378
2.423000,0.537688,0.691816
2.444000,0.537469,0.690983
2.444000,0.537419,0.690420
2.465000,0.537197,0.688311
2.465000,0.536672,0.686474
2.465000,0.535933,0.685077
2.487000,0.535404,0.680980
2.508000,0.534670,0.678283
2.508000,0.533211,0.672863
2.529000,0.532230,0.668718
2.529000,0.530711,0.663362
2.551000,0.529037,0.657346
2.551000,0.527126,0.651161
2.572000,0.525279,0.642871
2.572000,0.523175,0.633784
2.593000,0.521134,0.623908
2.615000,0.518864,0.614754
2.615000,0.516617,0.605531
2.615000,0.514391,0.596246
2.636000,0.511961,0.588996
2.636000,0.509994,0.581763
2.657000,0.508283,0.573766
2.657000,0.506386,0.565757
2.679000,0.504217,0.559180
2.700000,0.502728,0.553330
2.700000,0.500747,0.548841
2.721000,0.499448,0.545167
2.721000,0.497696,0.540730
2.743000,0.496641,0.535649
2.743000,0.495342,0.531261
2.764000,0.494264,0.526916
2.764000,0.492969,0.521797
2.785000,0.491920,0.516001
2.785000,0.490641,0.510190
2.807000,0.489589,0.503725
2.807000,0.488308,0.497915
2.828000,0.487259,0.492142
2.828000,0.485965,0.486262
2.849000,0.484693,0.480392
2.849000,0.483428,0.473852
2.871000,0.481925,0.467933
2.892000,0.480855,0.460822
2.892000,0.479327,0.454338
2.913000,0.477811,0.447124
2.913000,0.476275,0.441326
2.935000,0.474764,0.435435
2.935000,0.473231,0.430301
2.956000,0.471720,0.424421
2.956000,0.470196,0.417921
2.956000,0.468655,0.410818
2.977000,0.466855,0.403664
2.999000,0.465044,0.396541
2.999000,0.463273,0.389302
3.020000,0.461241,0.381992
3.020000,0.458939,0.374951
3.041000,0.456884,0.367704
3.041000,0.454818,0.360488
3.063000,0.452509,0.352840
3.084000,0.450189,0.344847
3.084000,0.447813,0.337651
3.105000,0.445225,0.330618
3.105000,0.442898,0.323296
3.105000,0.440277,0.316377
3.127000,0.437648,0.310291
3.127000,0.435050,0.305240
3.148000,0.432453,0.300942
3.169000,0.429844,0.297177
3.169000,0.427285,0.293911
3.191000,0.424855,0.291253
3.191000,0.422416,0.288600
3.212000,0.420263,0.286075
3.212000,0.418058,0.284314
3.233000,0.415864,0.283763
3.233000,0.413968,0.283332
3.255000,0.411725,0.283549
3.276000,0.409893,0.283549
3.276000,0.407997,0.283117
3.276000,0.406057,0.283457
3.297000,0.404325,0.282861
3.297000,0.402320,0.282798
3.319000,0.400607,0.283390
3.319000,0.398627,0.284528
3.340000,0.396759,0.285286
3.340000,0.394585,0.285932
3.361000,0.392806,0.286126
3.383000,0.390903,0.287671
3.383000,0.388963,0.290017
3.404000,0.387093,0.292747
3.404000,0.385164,0.295107
3.425000,0.383303,0.297842
3.425000,0.381895,0.300512
3.425000,0.380314,0.304166
3.447000,0.379089,0.308230
3.468000,0.378213,0.311572
3.468000,0.377439,0.315608
3.489000,0.376623,0.319328
3.489000,0.376193,0.322637
3.511000,0.375455,0.325867
3.511000,0.374569,0.328037
3.532000,0.374122,0.330155
3.532000,0.373417,0.332546
3.553000,0.372972,0.334670
3.575000,0.372376,0.335716
3.575000,0.371979,0.338199
3.596000,0.371564,0.339466
3.596000,0.370842,0.340648
3.596000,0.370504,0.341397
3.617000,0.370184,0.343400
3.617000,0.369785,0.345885
3.639000,0.369035,0.347940
3.660000,0.368899,0.350162
3.660000,0.368579,0.352182
3.681000,0.368166,0.353448
3.681000,0.367873,0.354594
3.703000,0.367725,0.355594
3.703000,0.367433,0.356741
3.724000,0.367433,0.356741
3.724000,0.366979,0.357662
3.745000,0.366673,0.357583
3.767000,0.366367,0.357505
3.767000,0.366395,0.356621
3.767000,0.365997,0.355777
3.788000,0.365746,0.353934
3.788000,0.365467,0.352972
3.809000,0.365230,0.352349
3.809000,0.365288,0.350588
3.831000,0.365010,0.349626
3.852000,0.365317,0.349709
3.852000,0.365509,0.349046
3.873000,0.365509,0.349046
3.873000,0.365816,0.349132
3.895000,0.366166,0.349558
3.895000,0.366667,0.348989
3.916000,0.366974,0.349077
3.916000,0.367292,0.350386
3.937000,0.367688,0.351231
3.937000,0.368311,0.352634
3.959000,0.368585,0.353600
3.959000,0.369287,0.354538
3.980000,0.369601,0.355856
3.980000,0.370334,0.355920
4.001000,0.370762,0.355895
4.001000,0.371339,0.356952
4.023000,0.371682,0.357400
4.044000,0.372383,0.358346
4.044000,0.372780,0.359202
4.065000,0.373424,0.359747
4.065000,0.374124,0.360697
4.087000,0.375195,0.361233
4.087000,0.375894,0.362187
4.087000,0.376895,0.363233
4.108000,0.378195,0.364373
4.129000,0.379589,0.365029
4.129000,0.380887,0.366168
4.151000,0.382313,0.365946
4.151000,0.383742,0.366986
4.172000,0.385501,0.367254
4.172000,0.387192,0.367990
4.193000,0.388916,0.369129
4.193000,0.390606,0.371134
4.215000,0.392762,0.372279
4.236000,0.394481,0.373428
4.236000,0.396198,0.374579
4.236000,0.397913,0.375732
4.257000,0.399807,0.375948
4.257000,0.401490,0.376664
4.279000,0.403352,0.377738
4.279000,0.405033,0.378444
4.300000,0.406895,0.379520
4.321000,0.408573,0.380216
4.321000,0.410025,0.380437
4.343000,0.411577,0.380949
4.343000,0.413285,0.380793
4.364000,0.414865,0.381775
4.364000,0.416570,0.381615
4.385000,0.418152,0.382600
4.385000,0.419790,0.384091
4.407000,0.421651,0.385169
4.407000,0.423098,0.385403
4.428000,0.424933,0.385977
4.428000,0.426549,0.386143
4.449000,0.428235,0.387298
4.449000,0.429819,0.388288
4.471000,0.431685,0.388037
4.471000,0.433271,0.389028
4.492000,0.434894,0.390454
4.513000,0.436479,0.391440
4.513000,0.438333,0.392522
4.535000,0.439919,0.393511
4.535000,0.441321,0.394562
4.556000,0.442937,0.394755
4.556000,0.444305,0.396600
4.577000,0.445438,0.397554
4.577000,0.446542,0.399299
4.577000,0.447675,0.400250
4.599000,0.448790,0.400626
4.620000,0.449894,0.402358
4.620000,0.450767,0.403213
4.641000,0.451662,0.404411
4.641000,0.452795,0.405345
4.663000,0.453641,0.406975
4.663000,0.454279,0.408066
4.684000,0.455411,0.408989
4.705000,0.456544,0.409910
4.705000,0.457378,0.410930
4.727000,0.458510,0.411843
4.727000,0.459627,0.412152
4.727000,0.460742,0.412454
4.748000,0.461858,0.412748
4.748000,0.463198,0.412217
4.769000,0.464321,0.411119
4.769000,0.465235,0.409791
4.791000,0.466374,0.409302
4.812000,0.467281,0.409351
4.812000,0.468624,0.408806
4.833000,0.469780,0.408935
4.833000,0.470918,0.408438
4.855000,0.472254,0.409266
4.855000,0.473600,0.408711
4.876000,0.474973,0.409663
4.897000,0.476319,0.409104
4.897000,0.477926,0.409263
4.897000,0.479486,0.408649
4.919000,0.481050,0.408893
4.919000,0.482870,0.409004
4.940000,0.484449,0.409895
4.940000,0.486465,0.410148
4.961000,0.488261,0.410982
4.961000,0.490056,0.411815
4.983000,0.491878,0.411936
5.004000,0.493683,0.412892
5.004000,0.495477,0.413723
5.025000,0.497272,0.414552
5.025000,0.499067,0.415378
5.047000,0.501090,0.416161
5.047000,0.503073,0.417043
5.047000,0.504867,0.417856
5.068000,0.506648,0.417956
5.089000,0.508442,0.418759
5.089000,0.510040,0.418815
5.111000,0.511834,0.419617
5.111000,0.513627,0.420416
5.132000,0.515407,0.420482
5.132000,0.517175,0.421927
5.153000,0.518966,0.422707
5.153000,0.520985,0.422706
5.175000,0.522586,0.422763
5.196000,0.524364,0.422786
5.196000,0.526407,0.422125
5.217000,0.528441,0.422849
5.217000,0.530475,0.423570
5.217000,0.532498,0.423522
5.239000,0.534734,0.424300
5.239000,0.536767,0.425007
5.260000,0.538800,0.425710
5.281000,0.540626,0.425561
5.281000,0.542426,0.425690
5.303000,0.544459,0.426382
5.303000,0.546490,0.427069
5.324000,0.548352,0.427104
5.324000,0.550383,0.427789
5.345000,0.552413,0.428469
5.345000,0.554257,0.429080
5.367000,0.556255,0.429504
5.388000,0.558282,0.430161
5.388000,0.560128,0.430751
5.388000,0.561964,0.432708
5.409000,0.563998,0.434173
5.409000,0.565836,0.436121
5.431000,0.567424,0.437554
5.431000,0.569434,0.439547
5.452000,0.571273,0.441477
5.473000,0.573120,0.444243
5.473000,0.574960,0.446161
5.495000,0.576793,0.449435
5.495000,0.578629,0.452698
5.516000,0.580191,0.455971
5.516000,0.582036,0.460070
5.537000,0.583606,0.464181
5.537000,0.585445,0.468758
5.537000,0.586866,0.473691
5.559000,0.588443,0.478643
5.580000,0.589867,0.483574
5.580000,0.591016,0.488033
5.601000,0.592439,0.490726
5.601000,0.593435,0.494299
5.623000,0.594580,0.496991
5.623000,0.595296,0.499683
5.644000,0.596442,0.501897
5.665000,0.597158,0.505007
5.665000,0.597873,0.507230
5.687000,0.598872,0.509454
5.687000,0.599588,0.510788
5.708000,0.600304,0.512120
5.708000,0.600737,0.513449
5.708000,0.601453,0.514777
5.729000,0.601743,0.517012
5.729000,0.602459,0.520125
5.751000,0.602884,0.521895
5.772000,0.603164,0.524583
5.772000,0.603586,0.526355
5.793000,0.603869,0.527258
5.793000,0.603857,0.527711
5.815000,0.604281,0.528590
5.815000,0.604272,0.528149
5.836000,0.604559,0.530393
5.857000,0.604564,0.531728
5.857000,0.604269,0.533503
5.857000,0.604118,0.535322
5.879000,0.603400,0.536214
5.879000,0.602685,0.538440
5.900000,0.601686,0.540645
5.900000,0.600815,0.542455
5.921000,0.599538,0.543744
5.921000,0.598385,0.546862
5.943000,0.596820,0.549570
5.964000,0.595097,0.552628
5.964000,0.593233,0.554844
5.985000,0.591070,0.556550
5.985000,0.588756,0.559632
6.007000,0.586169,0.561801
6.007000,0.583580,0.563958
6.028000,0.580828,0.566156
6.028000,0.577973,0.567400
6.049000,0.575227,0.568733
6.049000,0.572191,0.570857
6.071000,0.569579,0.573784
6.071000,0.566383,0.576459
6.092000,0.563624,0.577759
6.092000,0.560862,0.579051
6.113000,0.558279,0.578909
6.113000,0.555534,0.579379
6.135000,0.553218,0.580650
6.156000,0.550734,0.582550
6.156000,0.548677,0.585245
6.177000,0.546597,0.587350
6.177000,0.544535,0.588659
6.199000,0.542667,0.589901
6.199000,0.541035,0.590603
6.199000,0.539699,0.591192
6.220000,0.538130,0.592323
6.241000,0.536814,0.592156
6.241000,0.535222,0.594069
6.263000,0.534085,0.595986
6.263000,0.532745,0.597972
6.284000,0.531859,0.601332
6.284000,0.530768,0.604765
6.305000,0.530038,0.606810
6.305000,0.529151,0.608799
6.327000,0.528213,0.610909
6.348000,0.527325,0.612897
6.348000,0.526383,0.614997
6.348000,0.525467,0.616357
6.369000,0.524577,0.618343
6.369000,0.523631,0.619069
6.391000,0.522712,0.620423
6.391000,0.522253,0.620419
6.412000,0.521390,0.620321
6.433000,0.520687,0.620232
6.433000,0.519768,0.620224
6.455000,0.519337,0.619499
6.455000,0.518878,0.619494
6.476000,0.518447,0.618770
6.476000,0.517987,0.618765
6.497000,0.517747,0.617318
6.497000,0.517747,0.617318
6.519000,0.517747,0.617318
6.519000,0.517692,0.617392
6.540000,0.517692,0.617392
6.540000,0.517637,0.617466
6.561000,0.518041,0.617550
6.561000,0.518044,0.616187
6.583000,0.518532,0.615477
6.583000,0.518532,0.615477
6.604000,0.518561,0.614756
6.625000,0.518994,0.614122
6.625000,0.518994,0.614122
6.647000,0.519427,0.613489
6.647000,0.519886,0.613498
6.668000,0.519886,0.613498
6.668000,0.520344,0.613508
6.668000,0.520369,0.614148
6.689000,0.520613,0.614231
6.711000,0.520799,0.614881
6.711000,0.520799,0.614881
6.732000,0.521040,0.616329
6.732000,0.521040,0.616329
6.753000,0.520986,0.616417
6.753000,0.521445,0.616426
6.775000,0.521470,0.617063
6.775000,0.521470,0.617063
6.796000,0.521282,0.617777
6.817000,0.521009,0.618416
6.817000,0.520735,0.619942
6.839000,0.520460,0.620575
6.839000,0.520188,0.620737
6.839000,0.519944,0.620646
6.860000,0.519913,0.621366
6.860000,0.519672,0.620804
6.881000,0.519646,0.620164
6.903000,0.519403,0.620072
6.903000,0.519434,0.619352
6.924000,0.519465,0.618631
6.924000,0.519550,0.617829
6.945000,0.519555,0.616466
6.945000,0.519613,0.615021
6.967000,0.519374,0.613570
6.967000,0.519431,0.612122
6.988000,0.519674,0.611325
7.009000,0.519701,0.610600
7.009000,0.519677,0.609957
7.009000,0.519704,0.609232
7.031000,0.519489,0.609304
7.031000,0.519219,0.609948
7.052000,0.519219,0.609948
7.052000,0.519219,0.609948
7.073000,0.518710,0.610016
7.073000,0.518687,0.609371
7.095000,0.518443,0.610164
7.116000,0.518178,0.609433
7.116000,0.517692,0.610138
7.137000,0.517205,0.610840
7.137000,0.516695,0.610890
7.159000,0.515675,0.610976
7.159000,0.514904,0.610266
7.159000,0.514155,0.609698
7.180000,0.513167,0.609024
7.201000,0.512485,0.607520
7.201000,0.511533,0.606116
7.223000,0.510583,0.604700
7.223000,0.509400,0.603176
7.244000,0.508422,0.602439
7.244000,0.506974,0.600956
7.265000,0.505756,0.599404
7.265000,0.504819,0.597917
7.287000,0.503883,0.596419
7.308000,0.502994,0.594904
7.308000,0.502105,0.593386
7.329000,0.501227,0.592557
7.329000,0.500567,0.591007
7.329000,0.499647,0.590172
7.351000,0.498729,0.589332
7.351000,0.497770,0.588469
7.372000,0.497078,0.587713
7.393000,0.496122,0.586828
7.393000,0.495438,0.585939
7.415000,0.494713,0.585843
7.415000,0.494254,0.585048
7.436000,0.493544,0.585533
7.436000,0.492823,0.586132
7.457000,0.492369,0.586042
7.479000,0.491915,0.585951
7.479000,0.491188,0.585827
7.479000,0.490730,0.585017
7.500000,0.490276,0.584922
7.500000,0.489822,0.584827
7.521000,0.489371,0.585451
7.521000,0.488917,0.585356
7.543000,0.488429,0.585924
7.543000,0.487940,0.586489
7.564000,0.487448,0.586328
7.585000,0.487210,0.586336
7.585000,0.487032,0.586293
7.607000,0.487140,0.585037
7.607000,0.487452,0.585151
7.628000,0.487561,0.584613
7.628000,0.487905,0.584054
7.649000,0.488223,0.582880
7.649000,0.488563,0.582307
7.671000,0.488865,0.581673
7.671000,0.489185,0.581200
7.692000,0.489494,0.581276
7.692000,0.490021,0.581430
7.713000,0.490549,0.581574
7.713000,0.491063,0.583097
7.735000,0.491567,0.583897
7.735000,0.492073,0.584689
7.756000,0.492813,0.585433
7.777000,0.493543,0.586284
7.777000,0.494028,0.587731
7.799000,0.494772,0.588444
7.799000,0.495484,0.589951
7.820000,0.496430,0.591399
7.820000,0.496946,0.592134
7.820000,0.497895,0.593562
7.841000,0.498617,0.595039
7.863000,0.499323,0.595683
7.863000,0.499776,0.597074
7.884000,0.500254,0.597774
7.884000,0.500732,0.598470
7.905000,0.501439,0.599236
7.905000,0.501713,0.599163
7.927000,0.502422,0.599921
7.927000,0.502468,0.599911
7.948000,0.502902,0.600606
7.969000,0.503383,0.601288
7.969000,0.503816,0.601983
7.969000,0.504250,0.602680
7.991000,0.504482,0.602752
7.991000,0.504939,0.602751
8.012000,0.505189,0.603356
8.012000,0.505694,0.603330
8.033000,0.505951,0.604074
8.055000,0.506409,0.604069
8.055000,0.506867,0.604063
8.076000,0.507301,0.604760
8.076000,0.507759,0.604754
8.097000,0.508217,0.604748
8.097000,0.508723,0.604703
8.119000,0.509203,0.603986
8.119000,0.509682,0.603267
8.140000,0.510139,0.603255
8.140000,0.510618,0.602531
8.161000,0.510833,0.603308
8.161000,0.511054,0.603230
8.183000,0.511485,0.602554
8.183000,0.511701,0.603333
8.204000,0.511895,0.602594
8.204000,0.512129,0.601283
8.225000,0.512348,0.601207
8.247000,0.512324,0.600546
8.247000,0.512756,0.599875
8.268000,0.512753,0.598497
8.268000,0.512729,0.597835
8.289000,0.512729,0.597835
8.289000,0.512945,0.596384
8.289000,0.512965,0.595666
8.311000,0.512963,0.594286
8.332000,0.512983,0.593566
8.332000,0.512999,0.591464
8.353000,0.512999,0.591464
8.353000,0.512759,0.590023
8.375000,0.512499,0.590145
8.375000,0.512240,0.589421
8.396000,0.512000,0.588820
8.396000,0.511741,0.586708
8.417000,0.511285,0.585325
8.439000,0.511067,0.583162
8.439000,0.510846,0.581832
8.460000,0.510392,0.581836
8.460000,0.509684,0.581110
8.460000,0.509210,0.580436
8.481000,0.508738,0.579760
8.481000,0.508032,0.579025
8.503000,0.507339,0.578396
8.503000,0.506653,0.578335
8.524000,0.505709,0.578350
8.545000,0.504800,0.578336
8.545000,0.503872,0.579024
8.567000,0.502702,0.579067
8.567000,0.501508,0.579684
8.588000,0.500093,0.578939
8.588000,0.498942,0.578244
8.609000,0.497565,0.577476
8.631000,0.496439,0.575969
8.631000,0.495064,0.575187
8.631000,0.493724,0.574426
8.652000,0.492384,0.573667
8.652000,0.491032,0.572195
8.673000,0.489681,0.570719
8.673000,0.488310,0.569912
8.695000,0.486725,0.568461
8.716000,0.485356,0.567639
8.716000,0.483988,0.566810
8.737000,0.482170,0.565937
8.737000,0.480814,0.565830
8.759000,0.479196,0.566399
8.759000,0.477820,0.566931
8.780000,0.476222,0.566836
8.780000,0.475053,0.567419
8.780000,0.473669,0.567173
8.801000,0.472047,0.567691
8.823000,0.470671,0.568178
8.823000,0.469522,0.568099
8.844000,0.467897,0.568592
8.844000,0.466516,0.568285
8.865000,0.465342,0.568809
8.865000,0.463967,0.569251
8.887000,0.462811,0.568373
8.908000,0.461911,0.568252
8.908000,0.461214,0.568985
8.929000,0.460339,0.568260
8.929000,0.459665,0.568395
8.951000,0.458967,0.569137
8.951000,0.458328,0.569789
8.951000,0.457630,0.570534
8.972000,0.456925,0.570495
8.972000,0.456033,0.571168
8.993000,0.454884,0.571861
9.015000,0.453993,0.572538
9.015000,0.452869,0.572651
9.036000,0.452168,0.573409
9.036000,0.451310,0.574310
9.057000,0.450609,0.575075
9.057000,0.449460,0.575790
9.079000,0.448767,0.577360
9.079000,0.447895,0.576682
9.100000,0.447194,0.577458
9.100000,0.446323,0.576786
9.121000,0.445646,0.576999
9.121000,0.444784,0.577142
9.143000,0.444082,0.577928
9.143000,0.443371,0.577907
9.164000,0.442511,0.578062
9.164000,0.441799,0.578042
9.185000,0.440931,0.577391
9.207000,0.440252,0.577633
9.207000,0.439564,0.577064
9.228000,0.438971,0.577213
9.228000,0.438259,0.577199
9.249000,0.437571,0.576638
9.249000,0.437125,0.576595
9.271000,0.436446,0.576858
9.271000,0.436024,0.576274
9.292000,0.435789,0.576584
9.292000,0.435635,0.575973
9.313000,0.435657,0.575431
9.313000,0.435690,0.575711
9.335000,0.435690,0.575711
9.335000,0.435657,0.575431
9.356000,0.436092,0.574645
9.356000,0.436092,0.574645
9.377000,0.436526,0.573859
9.399000,0.437219,0.572222
9.399000,0.437498,0.570825
9.420000,0.438221,0.569463
9.420000,0.439122,0.568162
9.441000,0.439835,0.565976
9.441000,0.440556,0.564609
9.441000,0.441729,0.564086
9.463000,0.442630,0.562770
9.484000,0.443794,0.561422
9.484000,0.444756,0.560585
9.505000,0.445918,0.559234
9.505000,0.447062,0.558454
9.527000,0.447963,0.557124
9.527000,0.449116,0.557150
9.548000,0.449993,0.557784
9.548000,0.450699,0.557784
9.569000,0.451576,0.558422
9.591000,0.452281,0.558423
9.591000,0.453176,0.558475
9.591000,0.453881,0.558475
9.612000,0.454585,0.558473
9.612000,0.455033,0.558498
9.633000,0.455497,0.557927
9.633000,0.455776,0.555915
9.655000,0.456240,0.555338
9.676000,0.456703,0.554758
9.676000,0.457435,0.553546
9.697000,0.458346,0.552973
9.697000,0.459085,0.552532
9.719000,0.459995,0.551945
9.719000,0.461157,0.551320
9.740000,0.462067,0.550721
9.740000,0.463228,0.550082
9.761000,0.464386,0.550834
9.761000,0.465745,0.550219
9.783000,0.466893,0.550186
9.783000,0.468253,0.549557
9.804000,0.469410,0.548887
9.804000,0.471004,0.547442
9.825000,0.472352,0.546028
9.825000,0.473944,0.544576
9.847000,0.475085,0.543127
9.868000,0.476435,0.543107
9.868000,0.477566,0.542307
9.889000,0.478676,0.542320
9.889000,0.479817,0.542272
9.911000,0.480957,0.542223
9.911000,0.482079,0.541569
9.911000,0.483225,0.540849
9.932000,0.484116,0.540089
9.932000,0.485025,0.539397
9.953000,0.485700,0.538616
9.975000,0.486374,0.537953
9.975000,0.487066,0.537231
9.996000,0.487516,0.537218
9.996000,0.488201,0.537170
10.017000,0.488651,0.537156
10.017000,0.489320,0.537161
10.039000,0.489754,0.537102
10.039000,0.489986,0.537069
10.060000,0.490430,0.537740
10.081000,0.490881,0.537728
10.081000,0.491111,0.538473
10.081000,0.491555,0.539146
10.103000,0.491798,0.539834
10.103000,0.492017,0.539855
10.124000,0.492249,0.539820
10.124000,0.492469,0.539842
10.145000,0.492462,0.540530
10.167000,0.492692,0.540495
10.167000,0.492692,0.540495
10.188000,0.492692,0.540495
10.188000,0.492692,0.540495
10.209000,0.492681,0.539775
10.209000,0.492443,0.540497
10.231000,0.492212,0.539753
10.252000,0.492212,0.539753
10.252000,0.492212,0.539753
10.252000,0.492212,0.539753
10.273000,0.492212,0.539753
10.273000,0.491984,0.541194
10.295000,0.491984,0.541194
10.295000,0.491764,0.541169
10.316000,0.491754,0.540448
10.316000,0.491754,0.540448
10.337000,0.491522,0.540480
10.359000,0.491522,0.540480
10.359000,0.491520,0.539072
10.380000,0.491512,0.539757
10.380000,0.491303,0.540455
10.401000,0.491295,0.541140
10.401000,0.491295,0.541140
10.401000,0.491295,0.541140
10.423000,0.491305,0.541863
10.444000,0.491305,0.541863
10.444000,0.491305,0.541863
10.465000,0.491297,0.542547
10.465000,0.491288,0.543231
10.487000,0.491299,0.543953
10.487000,0.491290,0.544637
10.508000,0.491290,0.544637
10.508000,0.491280,0.545321
10.529000,0.491280,0.545321
10.551000,0.491490,0.546035
10.551000,0.491490,0.546035
10.572000,0.491490,0.546035
10.572000,0.491491,0.547441
10.572000,0.491491,0.547441
10.593000,0.491481,0.548126
10.593000,0.491481,0.548126
10.615000,0.491470,0.548810
10.636000,0.491482,0.549531
10.636000,0.491471,0.550215
10.657000,0.491471,0.550215
10.657000,0.491471,0.551619
10.679000,0.491471,0.551619
10.679000,0.491459,0.552302
10.700000,0.491227,0.552339
10.700000,0.491227,0.553743
10.721000,0.491227,0.553743
10.721000,0.491227,0.555147
10.743000,0.491214,0.555830
10.743000,0.491201,0.556512
10.764000,0.491201,0.556512
10.764000,0.491201,0.557914
10.785000,0.491201,0.557914
10.785000,0.491200,0.559316
10.807000,0.491200,0.559316
10.828000,0.490980,0.559273
10.828000,0.490733,0.559993
10.849000,0.490733,0.559993
10.849000,0.490719,0.560673
10.871000,0.490732,0.561394
10.871000,0.490717,0.562073
10.892000,0.490731,0.562794
10.892000,0.490716,0.563473
10.913000,0.490716,0.563473
10.913000,0.490716,0.563473
10.935000,0.490467,0.564194
10.935000,0.490481,0.564914
10.956000,0.490481,0.564914
10.956000,0.490245,0.565543
10.977000,0.490245,0.565543
10.977000,0.490243,0.566941
10.999000,0.490010,0.566984
11.020000,0.490010,0.566984
11.020000,0.490010,0.566984
11.041000,0.489996,0.566263
11.041000,0.489777,0.566213
11.063000,0.489777,0.566213
11.063000,0.489543,0.566255
11.063000,0.489543,0.566255
11.084000,0.489543,0.566255
11.105000,0.489543,0.566255
11.105000,0.489324,0.566205
11.127000,0.489310,0.565482
11.127000,0.489076,0.565524
11.148000,0.489076,0.565524
11.148000,0.488845,0.564750
11.169000,0.488626,0.564116
11.169000,0.488408,0.564066
11.191000,0.488174,0.564106
11.212000,0.487708,0.563370
11.212000,0.487239,0.564030
11.212000,0.486787,0.564017
11.233000,0.486322,0.563275
11.233000,0.485869,0.563261
11.255000,0.484953,0.562501
11.255000,0.484484,0.563150
11.276000,0.483794,0.563169
11.297000,0.483324,0.563814
11.297000,0.482658,0.563742
11.319000,0.481961,0.565155
11.319000,0.481491,0.565792
11.340000,0.481009,0.565687
11.340000,0.480550,0.567059
11.361000,0.479857,0.567070
11.361000,0.479386,0.567698
11.383000,0.478934,0.567673
11.383000,0.478673,0.568357
11.404000,0.478220,0.568330
11.404000,0.478010,0.568269
11.425000,0.477757,0.567556
11.425000,0.477547,0.567496
11.447000,0.477305,0.567528
11.447000,0.477076,0.568113
11.468000,0.476833,0.568145
11.468000,0.476813,0.568790
11.489000,0.476792,0.569435
11.511000,0.476792,0.569435
11.511000,0.476792,0.569435
11.532000,0.476792,0.569435
11.532000,0.477234,0.568719
11.532000,0.477244,0.569467
11.553000,0.477666,0.569399
11.553000,0.477908,0.569368
11.575000,0.478097,0.570080
11.596000,0.478549,0.570114
11.596000,0.478981,0.570798
11.617000,0.479433,0.570833
11.617000,0.479864,0.571519
11.639000,0.480317,0.571554
11.639000,0.480748,0.572243
11.660000,0.481442,0.572247
11.681000,0.481883,0.573675
11.681000,0.482313,0.574366
11.703000,0.482767,0.574402
11.703000,0.483208,0.575830
11.703000,0.483661,0.575866
11.724000,0.484557,0.577328
11.724000,0.485011,0.577363
11.745000,0.485453,0.578789
11.745000,0.485907,0.578823
11.767000,0.486350,0.580248
11.788000,0.486804,0.580282
11.788000,0.487483,0.581666
11.809000,0.488169,0.582494
11.809000,0.488623,0.582526
11.831000,0.489067,0.583947
11.831000,0.489512,0.585366
11.852000,0.489967,0.585397
11.852000,0.490411,0.586815
11.873000,0.490867,0.586846
11.873000,0.491312,0.588263
11.895000,0.491767,0.588293
11.895000,0.492222,0.588323
11.916000,0.492434,0.589785
11.916000,0.492668,0.589737
11.937000,0.493123,0.589767
11.937000,0.493149,0.589090
11.959000,0.493620,0.589826
11.980000,0.493595,0.590503
11.980000,0.493843,0.589901
12.001000,0.494076,0.589852
12.001000,0.494117,0.589880
12.023000,0.494117,0.589880
12.023000,0.494133,0.590586
12.023000,0.494133,0.590586
12.044000,0.494133,0.590586
12.065000,0.494133,0.590586
12.065000,0.494158,0.589907
12.087000,0.494158,0.589907
12.087000,0.494158,0.589907
12.108000,0.494158,0.589907
12.108000,0.494158,0.589907
12.129000,0.494175,0.590613
12.129000,0.494175,0.590613
12.151000,0.494199,0.589934
12.172000,0.493976,0.589862
12.172000,0.493743,0.589914
12.193000,0.493767,0.589236
12.193000,0.493767,0.589236
12.193000,0.493750,0.588528
12.215000,0.493750,0.588528
12.215000,0.493774,0.587849
12.236000,0.493591,0.587808
12.257000,0.493591,0.587808
12.257000,0.493585,0.589193
12.279000,0.493353,0.589246
12.279000,0.493353,0.589246
12.300000,0.493335,0.588538
12.300000,0.492886,0.587132
12.321000,0.492876,0.585034
12.321000,0.492661,0.583577
12.343000,0.492661,0.583577
12.364000,0.492683,0.582899
12.364000,0.492667,0.582188
12.364000,0.492235,0.581490
12.385000,0.492219,0.580777
12.385000,0.492211,0.578673
12.407000,0.491976,0.577893
12.407000,0.491729,0.577221
12.428000,0.491508,0.577156
12.449000,0.491495,0.576440
12.449000,0.491240,0.577158
12.471000,0.491006,0.576375
12.471000,0.490751,0.577090
12.492000,0.490751,0.577090
12.492000,0.490284,0.576343
12.513000,0.490284,0.576343
12.513000,0.490052,0.575557
12.535000,0.489795,0.576267
12.535000,0.489795,0.576267
12.556000,0.489342,0.576235
12.556000,0.489319,0.576907
12.577000,0.489319,0.576907
12.577000,0.489307,0.576186
12.599000,0.488853,0.576152
12.599000,0.488830,0.576823
12.620000,0.488807,0.577493
12.641000,0.488796,0.576771
12.641000,0.488537,0.577476
12.663000,0.488537,0.577476
12.663000,0.488319,0.577403
12.684000,0.488284,0.577349
12.684000,0.488284,0.577349
12.684000,0.488284,0.577349
12.705000,0.488259,0.578017
12.727000,0.488024,0.578050
12.727000,0.488013,0.577327
12.748000,0.487988,0.577995
12.748000,0.487988,0.577995
12.769000,0.487988,0.577995
12.769000,0.487988,0.577995
12.791000,0.488003,0.576603
12.791000,0.488003,0.576603
12.812000,0.487785,0.576528
12.833000,0.487809,0.575861
12.833000,0.487823,0.574468
12.833000,0.487813,0.573744
12.855000,0.487837,0.573075
12.855000,0.487837,0.573075
12.876000,0.487828,0.572350
12.876000,0.487828,0.572350
12.897000,0.487842,0.570956
12.919000,0.487842,0.570956
12.919000,0.487856,0.569561
12.940000,0.487878,0.568891
12.940000,0.487878,0.568891
12.961000,0.487892,0.567494
12.961000,0.487913,0.566823
12.983000,0.487913,0.566823
12.983000,0.487935,0.566152
13.004000,0.487935,0.566152
13.004000,0.487956,0.565481
13.025000,0.487956,0.565481
13.025000,0.487956,0.565481
13.047000,0.487977,0.564809
13.047000,0.488232,0.564111
13.068000,0.488224,0.563385
13.068000,0.488252,0.563439
13.089000,0.488252,0.563439
13.089000,0.488252,0.563439
13.111000,0.488507,0.562740
13.132000,0.488725,0.562800
13.132000,0.488725,0.562800
13.153000,0.488725,0.562800
13.153000,0.488716,0.562075
13.175000,0.488951,0.562049
13.175000,0.488970,0.561375
13.175000,0.489188,0.561435
13.196000,0.489188,0.561435
13.217000,0.489422,0.561409
13.217000,0.489422,0.561409
13.239000,0.489422,0.561409
13.239000,0.489422,0.561409
13.260000,0.489441,0.560733
13.260000,0.489433,0.560009
13.281000,0.489433,0.560009
13.303000,0.489441,0.560733
13.303000,0.489660,0.560792
13.324000,0.489660,0.560792
13.324000,0.489660,0.560792
13.324000,0.489660,0.560792
13.345000,0.489660,0.560792
13.345000,0.489660,0.560792
13.367000,0.489660,0.560792
13.367000,0.489660,0.560792
13.388000,0.489893,0.560766
13.409000,0.489893,0.560766
13.409000,0.489893,0.560766
13.431000,0.489893,0.560766
13.431000,0.489912,0.560089
13.452000,0.490131,0.560146
13.452000,0.490140,0.560869
13.473000,0.490373,0.560842
13.473000,0.490373,0.560842
13.495000,0.490391,0.560164
13.495000,0.490391,0.560164
13.516000,0.490400,0.560886
13.516000,0.490418,0.560207
13.537000,0.490871,0.560234
13.537000,0.490871,0.560234
13.559000,0.490888,0.559555
13.559000,0.490888,0.559555
13.580000,0.490888,0.559555
13.601000,0.491332,0.558860
13.601000,0.491332,0.558860
13.623000,0.491332,0.558860
13.623000,0.491332,0.558860
13.644000,0.491564,0.558832
13.644000,0.491784,0.558886
13.644000,0.491784,0.558886
13.665000,0.491766,0.559568
13.687000,0.491998,0.559540
13.687000,0.492219,0.559595
13.708000,0.492219,0.559595
13.708000,0.492219,0.559595
13.729000,0.492450,0.559567
13.729000,0.492671,0.559622
13.751000,0.492689,0.558938
13.751000,0.492671,0.559622
13.772000,0.493123,0.559648
13.793000,0.493123,0.559648
13.793000,0.493123,0.559648
13.815000,0.493123,0.559648
13.815000,0.493123,0.559648
13.815000,0.493123,0.559648
13.836000,0.493355,0.559620
13.836000,0.493576,0.559675
13.857000,0.493576,0.559675
13.879000,0.493576,0.559675
13.879000,0.493585,0.560390
13.900000,0.493576,0.559675
13.900000,0.493576,0.559675
13.921000,0.493576,0.559675
13.921000,0.493594,0.558989
13.943000,0.493594,0.558989
13.943000,0.493594,0.558989
13.964000,0.493594,0.558989
13.985000,0.493594,0.558989
13.985000,0.493594,0.558989
13.985000,0.493594,0.558989
14.007000,0.493594,0.558989
14.007000,0.493594,0.558989
14.028000,0.493594,0.558989
14.028000,0.493576,0.559675
14.049000,0.493576,0.559675
14.071000,0.493576,0.559675
14.071000,0.493576,0.559675
14.092000,0.493576,0.559675
14.092000,0.493576,0.559675
14.113000,0.493576,0.559675
14.113000,0.493576,0.559675
14.135000,0.493558,0.560360
14.135000,0.493558,0.560360
14.135000,0.493558,0.560360
14.156000,0.493558,0.560360
14.177000,0.493567,0.561076
14.177000,0.493567,0.561076
14.199000,0.493567,0.561076
14.199000,0.493567,0.561076
14.220000,0.493567,0.561076
14.220000,0.493585,0.560390
14.241000,0.493585,0.560390
14.263000,0.493585,0.560390
14.263000,0.493585,0.560390
14.284000,0.493603,0.559704
14.284000,0.493594,0.558989
14.305000,0.493594,0.558989
14.305000,0.493389,0.558250
14.305000,0.493389,0.558250
14.327000,0.493389,0.558250
14.327000,0.493149,0.557562
14.348000,0.493166,0.556876
14.369000,0.493157,0.556159
14.369000,0.492937,0.556107
14.391000,0.492937,0.556107
14.391000,0.492937,0.556107
14.412000,0.492705,0.556134
14.412000,0.492722,0.555449
14.433000,0.492501,0.555398
14.455000,0.492501,0.555398
14.455000,0.492501,0.555398
14.455000,0.492270,0.555424
14.476000,0.492270,0.555424
14.476000,0.492049,0.555373
14.497000,0.491817,0.555399
14.497000,0.491825,0.553996
14.519000,0.491606,0.553946
14.519000,0.491389,0.553289
14.540000,0.491178,0.553961
14.561000,0.490946,0.553987
14.561000,0.490946,0.553987
14.583000,0.490726,0.553938
14.583000,0.490494,0.553964
14.604000,0.490275,0.553915
14.604000,0.490057,0.553261
14.625000,0.489605,0.553238
14.625000,0.489387,0.553190
14.647000,0.489145,0.552489
14.647000,0.488694,0.552465
14.668000,0.488257,0.551766
14.668000,0.487806,0.551742
14.689000,0.487369,0.551045
14.689000,0.486918,0.551022
14.711000,0.486481,0.550328
14.711000,0.486022,0.549573
14.732000,0.485571,0.549550
14.753000,0.485113,0.548791
14.753000,0.484662,0.548767
14.775000,0.483967,0.548025
14.775000,0.483753,0.547979
14.796000,0.483310,0.546549
14.796000,0.483067,0.545828
14.796000,0.482853,0.545783
14.817000,0.483067,0.545828
14.839000,0.483061,0.545088
14.839000,0.483512,0.545115
14.860000,0.484200,0.545125
14.860000,0.485108,0.545915
14.881000,0.486447,0.546665
14.881000,0.487794,0.546013
14.903000,0.489600,0.546119
14.903000,0.491633,0.545481
14.924000,0.494108,0.544158
14.945000,0.496795,0.544302
14.945000,0.499708,0.544510
14.945000,0.503072,0.544703
14.967000,0.506220,0.543527
14.967000,0.509583,0.543140
14.988000,0.512964,0.542057
14.988000,0.516546,0.541720
15.009000,0.519912,0.541434
15.031000,0.523070,0.541195
15.031000,0.526199,0.541573
15.052000,0.529363,0.542033
15.052000,0.532283,0.542461
15.073000,0.535449,0.542961
15.073000,0.538618,0.543480
15.095000,0.541534,0.543963
15.095000,0.544254,0.544476
15.116000,0.546980,0.545600
15.116000,0.549425,0.546885
15.137000,0.551964,0.548043
15.137000,0.554259,0.547760
15.159000,0.556280,0.548807
15.159000,0.558576,0.548536
15.180000,0.560415,0.549609
15.180000,0.562432,0.550665
15.201000,0.564292,0.550916
15.223000,0.565872,0.552476
15.223000,0.567290,0.552679
15.244000,0.568863,0.553692
15.244000,0.570292,0.554427
15.265000,0.571722,0.555153
15.265000,0.572854,0.556125
15.265000,0.573995,0.557620
15.287000,0.575157,0.558267
15.308000,0.576269,0.560081
15.308000,0.577245,0.561598
15.329000,0.578103,0.562505
15.329000,0.579081,0.564019
15.351000,0.579950,0.565429
15.351000,0.580931,0.566937
15.372000,0.581617,0.569230
15.372000,0.582303,0.571521
15.393000,0.582974,0.573314
15.415000,0.583207,0.575087
15.415000,0.583161,0.576789
15.436000,0.583090,0.579340
15.436000,0.583042,0.581038
15.436000,0.582830,0.582784
15.457000,0.582511,0.583058
15.457000,0.582348,0.583107
15.479000,0.582122,0.581334
15.479000,0.581870,0.580410
15.500000,0.581682,0.578292
15.521000,0.581582,0.577142
15.521000,0.581351,0.575374
15.543000,0.581112,0.574957
15.543000,0.580894,0.573695
15.564000,0.580783,0.573896
15.564000,0.580543,0.573486
15.585000,0.580318,0.573580
15.607000,0.580334,0.574083
15.607000,0.580222,0.574291
15.607000,0.580239,0.574794
15.628000,0.580422,0.573894
15.628000,0.580457,0.573548
15.649000,0.580751,0.572754
15.649000,0.580786,0.572406
15.671000,0.580966,0.571505
15.671000,0.581293,0.570356
15.692000,0.581487,0.568602
15.713000,0.581796,0.568298
15.713000,0.581826,0.566591
15.735000,0.582309,0.565376
15.735000,0.582337,0.563667
15.756000,0.582364,0.561955
15.756000,0.582814,0.561091
15.756000,0.582839,0.559377
15.777000,0.582862,0.557662
15.799000,0.582885,0.555946
15.799000,0.582895,0.555087
15.820000,0.582633,0.555552
15.820000,0.582644,0.554694
15.841000,0.582629,0.554196
15.841000,0.582373,0.552448
15.863000,0.582228,0.549415
15.884000,0.580889,0.555974
15.884000,0.579629,0.561125
15.905000,0.579345,0.561948
15.905000,0.579283,0.561282
15.927000,0.578531,0.558895
15.927000,0.577574,0.556299
15.927000,0.576715,0.554636
15.948000,0.576474,0.553425
15.948000,0.576073,0.553628
15.969000,0.575392,0.554661
15.991000,0.574968,0.555204
15.991000,0.574712,0.555699
16.011999,0.574264,0.556572
16.011999,0.573629,0.563597
16.033001,0.572942,0.567681
16.033001,0.573001,0.569245
16.055000,0.572622,0.570843
16.055000,0.572253,0.571610
16.076000,0.571959,0.571060
16.076000,0.571896,0.569489
16.097000,0.571423,0.567636
16.097000,0.571150,0.565406
16.118999,0.570715,0.562397
16.118999,0.570460,0.560696
16.139999,0.570170,0.557938
16.139999,0.570167,0.555731
16.160999,0.569713,0.552182
16.183001,0.569133,0.547493
16.183001,0.569092,0.543677
16.204000,0.568615,0.539872
16.204000,0.568317,0.536023
16.225000,0.568301,0.532730
16.225000,0.568291,0.530812
16.247000,0.568274,0.528354
16.247000,0.568267,0.526435
16.268000,0.568255,0.525356
16.268000,0.568423,0.523420
16.289000,0.568692,0.522060
16.289000,0.569134,0.520686
16.311001,0.569408,0.519861
16.311001,0.569581,0.518470
16.332001,0.569853,0.515729
16.332001,0.570295,0.514357
16.353001,0.570735,0.512454
16.375000,0.571282,0.510259
16.375000,0.571724,0.508360
16.396000,0.572441,0.506160
16.396000,0.572888,0.503946
16.417000,0.573335,0.501207
16.417000,0.573611,0.499840
16.417000,0.574059,0.497430
16.438999,0.574340,0.495540
16.459999,0.574790,0.493663
16.459999,0.575227,0.493687
16.481001,0.575504,0.493177
16.481001,0.575941,0.493202
16.503000,0.576221,0.491839
16.503000,0.576662,0.491010
16.524000,0.577104,0.490520
16.524000,0.577383,0.490014
16.545000,0.577825,0.489529
16.566999,0.577832,0.489014
16.566999,0.578115,0.487654
16.566999,0.578289,0.486306
16.587999,0.578573,0.484946
16.587999,0.578580,0.484434
16.608999,0.578600,0.482552
16.608999,0.578613,0.481183
16.631001,0.578622,0.480671
16.652000,0.578189,0.479774
16.652000,0.577482,0.478868
16.673000,0.577038,0.478489
16.673000,0.576311,0.478626
16.695000,0.575603,0.477733
16.695000,0.574895,0.476843
16.716000,0.574468,0.475437
16.716000,0.573769,0.474026
16.737000,0.573342,0.472617
16.737000,0.572914,0.471206
16.759001,0.572205,0.469475
16.759001,0.571923,0.469159
16.780001,0.571483,0.468281
16.780001,0.571213,0.468284
16.801001,0.571043,0.467404
16.801001,0.570773,0.467407
16.823000,0.570773,0.467407
16.844000,0.570773,0.467407
16.844000,0.570773,0.467407
16.865000,0.570334,0.468218
16.865000,0.570334,0.468218
16.886999,0.570345,0.466842
16.886999,0.570345,0.466842
16.886999,0.570062,0.466537
16.908001,0.569892,0.466501
16.908001,0.569462,0.465092
16.929001,0.568947,0.463191
16.951000,0.568346,0.461740
16.951000,0.567661,0.459795
16.972000,0.566532,0.456139
16.972000,0.565383,0.452199
16.993000,0.563536,0.447707
16.993000,0.561763,0.444537
17.014999,0.559935,0.440339
17.035999,0.557683,0.435547
17.035999,0.555658,0.429670
17.056999,0.553430,0.422940
17.056999,0.550900,0.414682
17.056999,0.548104,0.407332
17.079000,0.545357,0.399921
17.079000,0.542397,0.393587
17.100000,0.539439,0.389411
17.100000,0.536752,0.385944
17.121000,0.534261,0.382569
17.143000,0.531719,0.377710
17.143000,0.529238,0.373449
17.164000,0.526639,0.370615
17.164000,0.524586,0.368664
17.184999,0.522347,0.367340
17.184999,0.520134,0.366726
17.207001,0.518114,0.364136
17.207001,0.516547,0.362008
17.228001,0.514733,0.359968
17.228001,0.513381,0.357944
17.249001,0.512028,0.355921
17.249001,0.510707,0.354592
17.271000,0.509592,0.352476
17.271000,0.508463,0.350562
17.292000,0.507345,0.348447
17.292000,0.506523,0.347800
17.313000,0.505945,0.345720
17.334999,0.505564,0.343075
17.334999,0.505137,0.342406
17.356001,0.504276,0.342391
17.356001,0.504107,0.343833
17.377001,0.503918,0.343063
17.377001,0.503450,0.343042
17.377001,0.503450,0.343042
17.399000,0.502982,0.343022
17.420000,0.503016,0.343692
17.420000,0.502589,0.343015
17.441000,0.502589,0.343015
17.441000,0.502623,0.343685
17.462999,0.502345,0.344437
17.462999,0.502073,0.344979
17.483999,0.501837,0.345074
17.483999,0.501363,0.346383
17.504999,0.500896,0.346365
17.527000,0.500469,0.345685
17.527000,0.499768,0.345552
17.548000,0.499341,0.344870
17.548000,0.498873,0.344853
17.548000,0.498365,0.345502
17.569000,0.497665,0.345584
17.569000,0.496923,0.346126
17.591000,0.496185,0.346884
17.612000,0.495251,0.346863
17.612000,0.494748,0.346198
17.632999,0.494044,0.346082
17.632999,0.493309,0.346854
17.655001,0.492768,0.348208
17.655001,0.492001,0.349671
17.676001,0.491224,0.349605
17.676001,0.490685,0.349646
17.697001,0.490000,0.348446
17.697001,0.488961,0.349207
17.719000,0.487990,0.348601
17.719000,0.486775,0.347909
17.740000,0.485842,0.347953
17.740000,0.484877,0.348696
17.761000,0.483628,0.348727
17.761000,0.482445,0.349604
17.783001,0.481443,0.349746
17.804001,0.480236,0.350439
17.804001,0.479014,0.349809
17.825001,0.477910,0.350625
17.825001,0.476702,0.351339
17.847000,0.475281,0.352185
17.847000,0.473904,0.353650
17.868000,0.472303,0.354319
17.868000,0.470762,0.356516
17.889000,0.469178,0.358521
17.889000,0.467578,0.359192
17.910999,0.465756,0.358647
17.910999,0.464073,0.358139
17.931999,0.462389,0.357647
17.931999,0.460724,0.358500
17.952999,0.458819,0.361002
17.952999,0.457119,0.363411
17.975000,0.455290,0.365779
17.996000,0.453679,0.367270
17.996000,0.452086,0.367995
18.017000,0.450494,0.368719
18.017000,0.448638,0.370565
18.039000,0.447043,0.374197
18.039000,0.445467,0.377058
18.039000,0.443853,0.379378
18.059999,0.442228,0.379576
18.080999,0.441042,0.380497
18.080999,0.439858,0.381425
18.103001,0.438646,0.381023
18.103001,0.437785,0.381727
18.124001,0.436653,0.382395
18.124001,0.435970,0.382977
18.145000,0.435571,0.382781
18.145000,0.435149,0.384199
18.167000,0.434776,0.385333
18.188000,0.434851,0.386387
18.188000,0.434914,0.388254
18.188000,0.435294,0.389875
18.209000,0.435352,0.391748
18.209000,0.435870,0.392744
18.231001,0.436445,0.393350
18.231001,0.437364,0.394569
18.252001,0.438115,0.395082
18.273001,0.438846,0.394252
18.273001,0.439791,0.393871
18.295000,0.440570,0.392794
18.295000,0.441581,0.391377
18.316000,0.442832,0.389484
18.316000,0.444087,0.387616
18.337000,0.445514,0.386469
18.337000,0.446777,0.384649
18.358999,0.448044,0.382854
18.358999,0.449801,0.381627
18.379999,0.451300,0.380370
18.379999,0.452610,0.379236
18.400999,0.454089,0.377470
18.400999,0.455436,0.375634
18.423000,0.456955,0.374514
18.423000,0.458087,0.371900
18.444000,0.459452,0.370181
18.444000,0.460768,0.368317
18.465000,0.462043,0.367577
18.487000,0.463075,0.365405
18.487000,0.464494,0.364768
18.507999,0.465721,0.362880
18.507999,0.467170,0.362867
18.507999,0.468174,0.361488
18.528999,0.469626,0.361506
18.528999,0.470574,0.362216
18.551001,0.471748,0.362442
18.572001,0.472440,0.363959
18.572001,0.473344,0.365410
18.593000,0.473951,0.368379
18.593000,0.474868,0.371370
18.615000,0.475688,0.374280
18.615000,0.476296,0.377253
18.636000,0.477268,0.381095
18.657000,0.477844,0.384792
18.657000,0.478388,0.389216
18.679001,0.478955,0.394284
18.679001,0.479558,0.398630
18.679001,0.480117,0.403061
18.700001,0.480270,0.407368
18.700001,0.480840,0.411801
18.721001,0.481214,0.416076
18.721001,0.481819,0.419777
18.743000,0.481974,0.423440
18.764000,0.482597,0.427795
18.764000,0.482984,0.432085
18.785000,0.483170,0.435013
18.785000,0.483572,0.437910
18.806999,0.483780,0.440101
18.806999,0.484186,0.442998
18.827999,0.484602,0.444494
18.827999,0.484569,0.445962
18.849001,0.485004,0.446721
18.849001,0.484972,0.448189
18.871000,0.485193,0.448971
18.871000,0.485185,0.450374
18.892000,0.485378,0.450413
18.892000,0.485591,0.450521
18.913000,0.485798,0.449824
18.913000,0.486025,0.449197
18.934999,0.486011,0.449929
18.955999,0.486011,0.449929
18.955999,0.486471,0.450617
18.976999,0.486715,0.451334
18.976999,0.486931,0.451308
18.999001,0.487376,0.452732
18.999001,0.487611,0.452775
18.999001,0.488048,0.453522
19.020000,0.488042,0.454927
19.041000,0.488501,0.455623
19.041000,0.488501,0.455623
19.063000,0.488725,0.456280
19.063000,0.488958,0.458408
19.084000,0.489396,0.459156
19.084000,0.489377,0.461291
19.105000,0.489810,0.463447
19.105000,0.490243,0.465602
19.127001,0.490459,0.467770
19.148001,0.490904,0.469198
19.148001,0.491358,0.469903
19.169001,0.491802,0.471333
19.169001,0.492256,0.472042
19.169001,0.492259,0.472730
19.191000,0.492712,0.473442
19.191000,0.493165,0.474157
19.212000,0.493617,0.474873
19.233000,0.494299,0.476316
19.233000,0.495200,0.477067
19.254999,0.495864,0.479204
19.254999,0.496541,0.480661
19.275999,0.497202,0.482810
19.275999,0.497635,0.486362
19.297001,0.497848,0.489198
19.297001,0.498294,0.490637
19.319000,0.498961,0.492103
19.319000,0.499424,0.491442
19.340000,0.500335,0.490840
19.340000,0.501245,0.490243
19.361000,0.501695,0.490297
19.361000,0.502599,0.490417
19.382999,0.503065,0.489788
19.382999,0.503988,0.488513
19.403999,0.504476,0.486488
19.424999,0.505216,0.483081
19.424999,0.505756,0.478251
19.447001,0.506758,0.472786
19.447001,0.507523,0.468686
19.468000,0.508496,0.464615
19.468000,0.509223,0.462616
19.489000,0.509912,0.462079
19.489000,0.510611,0.462222
19.489000,0.511533,0.461709
19.511000,0.512481,0.459796
19.532000,0.513193,0.458491
19.532000,0.514152,0.455118
19.552999,0.515135,0.451080
19.552999,0.515930,0.446310
19.575001,0.516519,0.440882
19.575001,0.516901,0.436121
19.596001,0.517743,0.431468
19.617001,0.518109,0.427383
19.617001,0.519112,0.424159
19.639000,0.519564,0.423522
19.639000,0.520225,0.423530
19.660000,0.520790,0.426407
19.660000,0.521147,0.429930
19.660000,0.521927,0.434196
19.681000,0.522497,0.437810
19.681000,0.523310,0.441429
19.702999,0.523677,0.444203
19.724001,0.524044,0.447731
19.724001,0.524194,0.450603
19.745001,0.524394,0.454282
19.745001,0.524560,0.457267
19.767000,0.524759,0.460201
19.767000,0.524920,0.463188
19.788000,0.525124,0.465373
19.809000,0.525278,0.467487
19.809000,0.525675,0.469626
19.809000,0.526045,0.473167
19.830999,0.526416,0.476708
19.830999,0.527005,0.481686
19.851999,0.527382,0.485227
19.851999,0.527761,0.488765
19.872999,0.527695,0.492343
19.895000,0.527873,0.493916
19.895000,0.527669,0.494119
19.916000,0.527640,0.495771
19.916000,0.527593,0.498063
19.937000,0.528189,0.502551
19.937000,0.529023,0.505554
19.959000,0.530346,0.506977
19.959000,0.531710,0.506339
19.980000,0.533401,0.501523
19.980000,0.534668,0.495200
20.000999,0.535686,0.489140
20.000999,0.536036,0.484354
20.023001,0.536537,0.482751
20.023001,0.537255,0.482439
20.044001,0.537955,0.482751
20.044001,0.539024,0.483624
20.065001,0.540117,0.485878
20.065001,0.541227,0.487337
20.087000,0.542070,0.489346
20.108000,0.542457,0.492047
20.108000,0.542847,0.494743
20.129000,0.542809,0.496557
20.129000,0.542770,0.498561
20.129000,0.542495,0.499726
20.150999,0.542291,0.500298
20.150999,0.542285,0.500718
20.172001,0.542016,0.501703
20.193001,0.541296,0.503236
20.193001,0.540575,0.504964
20.215000,0.539674,0.505893
20.215000,0.538535,0.505572
20.236000,0.537206,0.504623
20.236000,0.535643,0.502240
20.257000,0.534518,0.500695
20.257000,0.533195,0.498977
20.278999,0.532062,0.498068
20.299999,0.530938,0.496392
20.299999,0.530042,0.496023
20.299999,0.529138,0.496439
20.320999,0.528444,0.496121
20.320999,0.527303,0.495901
20.343000,0.526406,0.495708
20.343000,0.525502,0.496284
20.364000,0.524795,0.498291
20.385000,0.524337,0.499559
20.385000,0.523875,0.501484
20.407000,0.522973,0.502635
20.407000,0.522516,0.504578
20.427999,0.521824,0.505858
20.427999,0.521370,0.506593
20.448999,0.520920,0.507233
20.448999,0.520021,0.507198
20.471001,0.519572,0.507180
20.471001,0.518884,0.507148
20.492001,0.518435,0.507130
20.492001,0.517991,0.505700
20.513000,0.517542,0.505682
20.513000,0.516856,0.505651
20.535000,0.516193,0.505628
20.535000,0.515744,0.505610
20.556000,0.515294,0.505591
20.577000,0.514846,0.504900
20.577000,0.514402,0.503467
20.599001,0.514174,0.502042
20.599001,0.513728,0.501286
20.620001,0.513274,0.502003
20.620001,0.513272,0.502679
20.620001,0.512820,0.503339
20.641001,0.512818,0.504017
20.663000,0.512372,0.503266
20.663000,0.512144,0.501844
20.684000,0.511932,0.500424
20.684000,0.511937,0.499011
20.705000,0.511706,0.498271
20.705000,0.511940,0.498278
20.726999,0.511942,0.497544
20.726999,0.511939,0.498225
20.747999,0.512387,0.498972
20.768999,0.512385,0.499706
20.768999,0.512385,0.499706
20.791000,0.512830,0.501134
20.791000,0.512830,0.501134
20.791000,0.512827,0.501869
20.812000,0.512606,0.502654
20.812000,0.512371,0.502697
20.833000,0.512373,0.502073
20.855000,0.511926,0.501369
20.855000,0.511484,0.499982
20.875999,0.511493,0.498569
20.875999,0.511056,0.496447
20.896999,0.510612,0.495735
20.896999,0.510164,0.495751
20.919001,0.509272,0.495044
20.919001,0.508831,0.494362
20.940001,0.507948,0.492945
20.940001,0.507524,0.490834
20.961000,0.507098,0.488686
20.961000,0.506668,0.487258
20.983000,0.506244,0.485106
20.983000,0.506260,0.483693
21.004000,0.505821,0.482952
21.004000,0.505379,0.482927
21.025000,0.505381,0.483670
21.047001,0.505167,0.483655
21.047001,0.504964,0.482249
21.068001,0.504756,0.481513
21.068001,0.504756,0.481513
21.089001,0.504743,0.482208
21.089001,0.504729,0.482903
21.111000,0.504926,0.484332
21.111000,0.505340,0.486469
21.111000,0.505318,0.487858
21.132000,0.505298,0.489246
21.153000,0.505293,0.489222
21.153000,0.504838,0.489154
21.174999,0.504853,0.487741
21.174999,0.504403,0.487696
21.195999,0.504393,0.488393
21.195999,0.504610,0.488401
21.216999,0.504812,0.490502
21.239000,0.505025,0.490482
21.239000,0.505236,0.491859
21.260000,0.505439,0.493963
21.260000,0.505428,0.495353
21.281000,0.505424,0.496047
21.281000,0.504966,0.497437
21.281000,0.504966,0.497437
21.302999,0.504513,0.498129
21.302999,0.504295,0.497418
21.323999,0.504070,0.496691
21.344999,0.504078,0.495277
21.344999,0.503859,0.494545
21.367001,0.503634,0.493822
21.367001,0.503638,0.492392
21.388000,0.503639,0.491677
21.388000,0.503642,0.490247
21.409000,0.503642,0.490247
21.431000,0.504087,0.490963
21.431000,0.504529,0.491657
21.431000,0.504975,0.492367
21.452000,0.505418,0.493770
21.452000,0.505412,0.495159
21.473000,0.505858,0.496556
21.473000,0.506304,0.498670
21.495001,0.506752,0.500782
21.495001,0.506981,0.501477
21.516001,0.507200,0.503582
21.537001,0.507201,0.506377
21.537001,0.507205,0.507759
21.559000,0.507205,0.509172
21.559000,0.507210,0.510554
21.580000,0.507215,0.512657
21.580000,0.507003,0.514051
21.601000,0.506787,0.516119
21.601000,0.506575,0.518241
21.622999,0.506360,0.518897
21.622999,0.506153,0.520303
21.643999,0.506176,0.522380
21.643999,0.505973,0.523732
21.665001,0.506002,0.525807
21.665001,0.505824,0.527889
21.665001,0.505859,0.529965
21.665001,0.505912,0.532012
21.687000,0.505733,0.533411
21.708000,0.505533,0.534792
21.708000,0.505358,0.537632
21.729000,0.505388,0.540448
21.729000,0.505217,0.543291
21.750999,0.505267,0.546795
21.750999,0.505322,0.549580
21.750999,0.505400,0.553050
21.771999,0.505462,0.555827
21.792999,0.505300,0.559385
21.792999,0.505339,0.562185
21.815001,0.505155,0.565057
21.815001,0.504963,0.567835
21.836000,0.504524,0.570000
21.836000,0.504339,0.572868
21.857000,0.503923,0.575713
21.857000,0.503480,0.577868
21.879000,0.503035,0.580019
21.900000,0.502617,0.582852
21.900000,0.501935,0.585781
21.900000,0.501514,0.588606
21.921000,0.501064,0.590739
21.921000,0.500428,0.592950
21.943001,0.499976,0.595076
21.943001,0.499552,0.597886
21.964001,0.498884,0.599407
21.985001,0.498443,0.600833
21.985001,0.498003,0.602258
22.007000,0.497104,0.603729
22.007000,0.496432,0.605247
22.028000,0.495972,0.607347
22.028000,0.495529,0.608763
22.049000,0.494872,0.609599
22.049000,0.494462,0.611708
22.070999,0.494038,0.612447
22.070999,0.493361,0.613962
22.091999,0.492902,0.614007
22.091999,0.492233,0.615359
22.113001,0.491519,0.616172
22.113001,0.491554,0.616870
22.135000,0.491074,0.617578
22.135000,0.490649,0.618318
22.156000,0.490427,0.619784
22.177000,0.489989,0.619163
22.177000,0.489989,0.619163
22.198999,0.489459,0.617802
22.198999,0.489168,0.616335
22.219999,0.489122,0.614266
22.219999,0.488684,0.613641
22.219999,0.488429,0.612875
22.240999,0.488225,0.613679
22.263000,0.488271,0.615750
22.263000,0.488318,0.617818
22.284000,0.488072,0.619940
22.284000,0.488049,0.620598
22.305000,0.487970,0.621209
22.305000,0.487981,0.622568
22.327000,0.487981,0.622568
22.327000,0.487719,0.623326
22.348000,0.488166,0.625308
22.368999,0.488212,0.627365
22.368999,0.488731,0.630737
22.391001,0.489003,0.632859
22.391001,0.489752,0.636290
22.391001,0.490266,0.638291
22.412001,0.490558,0.641744
22.412001,0.490810,0.644503
22.433001,0.490836,0.647178
22.455000,0.491315,0.648475
22.455000,0.491298,0.650459
22.476000,0.491569,0.651224
22.476000,0.491539,0.651875
22.497000,0.491811,0.652640
22.497000,0.492092,0.653194
22.518999,0.492062,0.653845
22.518999,0.492335,0.654608
22.540001,0.492305,0.655259
22.561001,0.492587,0.655809
22.561001,0.492861,0.656569
22.561001,0.492892,0.655918
22.583000,0.492922,0.655266
22.583000,0.492951,0.654613
22.604000,0.492951,0.654613
22.604000,0.492951,0.654613
22.625000,0.492922,0.655266
22.646999,0.492922,0.655266
22.646999,0.492906,0.653938
22.667999,0.492677,0.653854
22.667999,0.492706,0.653202
22.688999,0.492662,0.652526
22.688999,0.492662,0.652526
22.711000,0.492618,0.651849
22.711000,0.492618,0.651849
22.711000,0.492812,0.651048
22.732000,0.493041,0.651130
22.753000,0.493041,0.651130
22.753000,0.493234,0.650330
22.775000,0.493464,0.650412
22.775000,0.493930,0.650371
22.796000,0.494166,0.650247
22.796000,0.494632,0.650205
22.816999,0.494863,0.650286
22.816999,0.495027,0.650148
22.839001,0.495450,0.649434
22.860001,0.495887,0.650054
22.860001,0.495844,0.649382
22.881001,0.496310,0.649342
22.881001,0.496776,0.649302
22.881001,0.496968,0.648510
22.903000,0.497157,0.647921
22.903000,0.497391,0.647800
22.924000,0.497581,0.647211
22.945000,0.497815,0.647091
22.945000,0.498280,0.647051
22.966999,0.498471,0.646463
22.966999,0.498704,0.646343
22.988001,0.498936,0.646223
22.988001,0.499127,0.645636
23.009001,0.499127,0.645636
23.009001,0.499551,0.644930
23.031000,0.499510,0.644262
23.031000,0.499742,0.644144
23.052000,0.500193,0.642766
23.052000,0.500153,0.642099
23.073000,0.500577,0.641394
23.073000,0.500538,0.640727
23.094999,0.501002,0.640690
23.094999,0.501220,0.639232
23.115999,0.501644,0.638529
23.136999,0.501878,0.638606
23.136999,0.502134,0.637813
23.159000,0.502558,0.637109
23.159000,0.502996,0.637753
23.180000,0.503186,0.636977
23.180000,0.503636,0.635594
23.201000,0.504099,0.635557
23.201000,0.504321,0.634282
23.223000,0.504784,0.634244
23.223000,0.505209,0.633544
23.243999,0.505436,0.633433
23.243999,0.505885,0.632045
23.264999,0.505848,0.631384
23.264999,0.506297,0.629993
23.287001,0.506486,0.629225
23.287001,0.506449,0.628564
23.308001,0.506413,0.627902
23.329000,0.506378,0.627240
23.329000,0.506342,0.626578
23.351000,0.506318,0.627271
23.351000,0.506047,0.626537
23.372000,0.505787,0.625975
23.372000,0.505292,0.625338
23.372000,0.504571,0.625983
23.393000,0.503849,0.625440
23.415001,0.502867,0.625503
23.415001,0.501686,0.626152
23.436001,0.500474,0.626290
23.436001,0.498827,0.625576
23.457001,0.497152,0.625695
23.457001,0.495306,0.625729
23.479000,0.493205,0.626335
23.479000,0.491095,0.625739
23.500000,0.488520,0.626478
23.521000,0.485995,0.625011
23.521000,0.483450,0.625059
23.521000,0.480935,0.624455
23.542999,0.478205,0.623755
23.542999,0.475938,0.623064
23.563999,0.473394,0.623069
23.563999,0.471084,0.623893
23.584999,0.468822,0.623189
23.607000,0.466482,0.623258
23.607000,0.464459,0.622042
23.628000,0.462660,0.621358
23.628000,0.460639,0.620154
23.649000,0.458875,0.618889
23.649000,0.457257,0.617542
23.671000,0.455663,0.616961
23.671000,0.454252,0.615345
23.691999,0.452831,0.614072
23.691999,0.451901,0.613239
23.712999,0.450710,0.612463
23.712999,0.450076,0.610990
23.735001,0.449401,0.609099
23.735001,0.448505,0.607687
23.756001,0.448072,0.604948
23.756001,0.447611,0.602772
23.777000,0.447134,0.599799
23.799000,0.446395,0.596869
23.799000,0.445721,0.593001
23.820000,0.444801,0.587803
23.820000,0.443451,0.581185
23.841000,0.442270,0.575172
23.841000,0.440456,0.567390
23.841000,0.438393,0.558759
23.863001,0.436091,0.550902
23.863001,0.433808,0.542148
23.884001,0.430696,0.531313
23.905001,0.427760,0.521839
23.905001,0.424847,0.511458
23.927000,0.421261,0.499570
23.927000,0.417260,0.487086
23.948000,0.413134,0.474934
23.948000,0.408292,0.463673
23.969000,0.403447,0.452408
23.990999,0.397588,0.442346
23.990999,0.391720,0.432301
24.011999,0.385237,0.423062
24.011999,0.378140,0.415047
24.011999,0.370972,0.408910
24.033001,0.363485,0.404072
24.033001,0.355657,0.400188
24.055000,0.347817,0.396428
24.055000,0.339120,0.391350
24.076000,0.330491,0.385445
24.097000,0.321784,0.379536
24.097000,0.312829,0.373955
24.118999,0.303925,0.369616
24.118999,0.295620,0.367433
24.139999,0.287393,0.365442
24.139999,0.279507,0.365390
24.160999,0.271248,0.363525
24.183001,0.263371,0.361778
24.183001,0.255439,0.360175
24.183001,0.247543,0.357551
24.204000,0.239641,0.356181
24.204000,0.232732,0.356638
24.225000,0.225887,0.358091
24.225000,0.219316,0.360491
24.247000,0.212794,0.363130
24.247000,0.206215,0.363593
24.268000,0.199634,0.364129
24.289000,0.193058,0.362690
24.289000,0.186762,0.362045
24.311001,0.180484,0.362365
24.311001,0.174549,0.363569
24.332001,0.169361,0.365685
24.332001,0.164136,0.367420
24.332001,0.159228,0.369048
24.353001,0.154645,0.372682
24.375000,0.150477,0.376326
24.375000,0.146189,0.378924
24.396000,0.142233,0.382335
24.396000,0.138278,0.385713
24.417000,0.134409,0.389492
24.417000,0.130432,0.393159
24.438999,0.126781,0.397642
24.438999,0.123110,0.401201
24.459999,0.119714,0.405066
24.481001,0.116320,0.408926
24.481001,0.112953,0.412367
24.503000,0.109896,0.416611
24.503000,0.106509,0.420415
24.503000,0.103271,0.424093
24.524000,0.099893,0.426538
24.524000,0.097069,0.429316
24.545000,0.093964,0.432128
24.566999,0.091439,0.435707
24.566999,0.088618,0.438445
24.587999,0.086076,0.441129
24.587999,0.083533,0.443800
24.608999,0.081416,0.445607
24.608999,0.078862,0.447399
24.631001,0.076747,0.449187
24.631001,0.074727,0.451415
24.652000,0.072613,0.453191
24.652000,0.071053,0.454364
24.673000,0.069661,0.455558
24.673000,0.067810,0.456429
24.695000,0.066670,0.455900
24.695000,0.065086,0.456737
24.716000,0.063688,0.457054
24.716000,0.062545,0.457889
24.737000,0.061405,0.457340
24.759001,0.060258,0.455963
24.759001,0.059119,0.455407
24.780001,0.058218,0.452362
24.780001,0.057492,0.450745
24.801001,0.056570,0.449663
24.801001,0.056104,0.448027
24.823000,0.055362,0.447002
24.823000,0.054434,0.445949
24.844000,0.053516,0.444332
24.844000,0.052521,0.441422
24.865000,0.051611,0.437860
24.865000,0.050684,0.434882
24.886999,0.049770,0.431329
24.886999,0.048855,0.429161
24.908001,0.048128,0.427045
24.908001,0.047245,0.425090
24.929001,0.046813,0.424506
24.951000,0.046141,0.424766
24.951000,0.045918,0.426399
24.972000,0.045503,0.427978
24.972000,0.045279,0.430990
24.993000,0.045263,0.432966
24.993000,0.045279,0.435141
24.993000,0.045742,0.435933
25.014999,0.046027,0.438861
25.035999,0.046502,0.440452
25.035999,0.046975,0.443435
25.056999,0.047212,0.446666
25.056999,0.047678,0.449659
25.079000,0.048150,0.453457
25.079000,0.048868,0.456434
25.100000,0.049326,0.459444
25.100000,0.050228,0.462469
25.121000,0.050940,0.465469
25.143000,0.051386,0.467683
25.143000,0.052095,0.470695
25.143000,0.052543,0.473726
25.164000,0.052979,0.476526
25.164000,0.053415,0.479324
25.184999,0.054294,0.481316
25.184999,0.054987,0.482467
25.207001,0.055682,0.483612
25.228001,0.056557,0.485334
25.228001,0.057255,0.486464
25.249001,0.057957,0.487020
25.249001,0.058400,0.487018
25.271000,0.058842,0.485626
25.271000,0.059284,0.482848
25.292000,0.059543,0.480621
25.292000,0.059986,0.479233
25.313000,0.060245,0.477004
25.313000,0.060688,0.475619
25.334999,0.060690,0.472846
25.334999,0.060951,0.469229
25.356001,0.060954,0.466458
25.356001,0.060952,0.462863
25.377001,0.060503,0.460646
25.377001,0.060244,0.457904
25.399000,0.059795,0.455690
25.420000,0.059090,0.454326
25.420000,0.058653,0.451553
25.441000,0.058206,0.447961
25.441000,0.057758,0.444372
25.462999,0.057573,0.440750
25.462999,0.056841,0.439145
25.462999,0.056108,0.437548
25.483999,0.055468,0.435301
25.483999,0.054775,0.434763
25.504999,0.054349,0.432804
25.527000,0.053937,0.431650
25.527000,0.053698,0.429742
25.548000,0.053282,0.429960
25.548000,0.052605,0.430213
25.569000,0.052208,0.429848
25.569000,0.051792,0.430054
25.591000,0.051582,0.429740
25.591000,0.051436,0.430707
25.612000,0.051477,0.431735
25.632999,0.051487,0.432539
25.632999,0.051683,0.433403
25.632999,0.051682,0.435586
25.655001,0.051680,0.437772
25.655001,0.051409,0.439179
25.676001,0.051238,0.440732
25.676001,0.051011,0.441784
25.697001,0.050595,0.442776
25.719000,0.049920,0.443781
25.719000,0.049484,0.445346
25.740000,0.048618,0.446281
25.740000,0.047917,0.447052
25.761000,0.047217,0.447821
25.761000,0.046345,0.447939
25.783001,0.045216,0.448062
25.783001,0.044517,0.448819
25.804001,0.043644,0.448920
25.804001,0.042497,0.449622
25.825001,0.041372,0.450505
25.825001,0.040302,0.450526
25.847000,0.039155,0.451212
25.847000,0.038008,0.451895
25.868000,0.036860,0.451794
25.868000,0.035515,0.451637
25.889000,0.034370,0.452314
25.910999,0.033225,0.452988
25.910999,0.031897,0.452203
25.931999,0.030753,0.452870
25.931999,0.029406,0.453475
25.952999,0.028262,0.453372
25.952999,0.027159,0.453969
25.952999,0.026015,0.453866
25.975000,0.024892,0.453875
25.996000,0.023561,0.453063
25.996000,0.022438,0.452306
26.017000,0.021349,0.452231
26.017000,0.020207,0.452119
26.039000,0.019326,0.451347
26.039000,0.018446,0.451316
26.059999,0.017306,0.451200
26.059999,0.016213,0.451094
26.080999,0.015116,0.450378
26.103001,0.014020,0.449517
26.103001,0.012926,0.448781
26.124001,0.012046,0.447976
26.124001,0.010715,0.447826
26.124001,0.009603,0.447736
26.145000,0.008482,0.448970
26.145000,0.007150,0.448791
26.167000,0.005819,0.449319
26.188000,0.004487,0.449117
26.188000,0.003180,0.448214
26.209000,0.002075,0.447359
26.209000,0.000972,0.447133
26.231001,0.000094,0.446976
26.231001,0.999190,0.447512
26.252001,0.998313,0.446644
26.252001,0.997409,0.447174
26.273001,0.996730,0.447707
26.273001,0.996053,0.448311
26.295000,0.995574,0.449627
26.295000,0.995096,0.450944
26.316000,0.995069,0.452347
26.316000,0.995017,0.454461
26.337000,0.994990,0.455865
26.337000,0.995386,0.458761
26.358999,0.995586,0.460238
26.379999,0.995754,0.463065
26.379999,0.996177,0.464558
26.400999,0.996812,0.466130
26.400999,0.997241,0.466922
26.423000,0.998094,0.469204
26.423000,0.998518,0.470695
26.444000,0.999391,0.472269
26.444000,0.999807,0.474467
26.465000,0.000680,0.476045
26.465000,0.001345,0.476896
26.487000,0.002217,0.478475
26.487000,0.003098,0.479343
26.507999,0.003970,0.480922
26.507999,0.005070,0.482531
26.528999,0.005952,0.483392
26.528999,0.007257,0.485744
26.551001,0.008141,0.486596
26.572001,0.009484,0.486799
26.572001,0.010802,0.488402
26.593000,0.011672,0.489916
26.593000,0.013006,0.490821
26.615000,0.013878,0.492319
26.615000,0.014976,0.494582
26.615000,0.015863,0.495395
26.636000,0.016750,0.496205
26.657000,0.017400,0.496976
26.657000,0.018065,0.498409
26.679001,0.018953,0.499121
26.679001,0.019393,0.499846
26.700001,0.020043,0.500597
26.700001,0.020713,0.502009
26.721001,0.021143,0.503477
26.721001,0.021592,0.503536
26.743000,0.022043,0.503496
26.764000,0.022276,0.504185
26.764000,0.022718,0.504895
26.764000,0.023150,0.506358
26.785000,0.023609,0.505655
26.785000,0.024051,0.506359
26.806999,0.024520,0.504894
26.806999,0.024736,0.504154
26.827999,0.024996,0.502664
26.849001,0.025453,0.501951
26.849001,0.026152,0.501261
26.871000,0.026617,0.499780
26.871000,0.027072,0.499059
26.892000,0.027535,0.497694
26.892000,0.028004,0.495563
26.913000,0.028465,0.494199
26.913000,0.029164,0.493493
26.934999,0.029626,0.492128
26.934999,0.030283,0.491426
26.955999,0.030989,0.490079
26.955999,0.031885,0.490164
26.976999,0.033032,0.489490
26.976999,0.033932,0.488797
26.999001,0.035079,0.488114
26.999001,0.036227,0.487427
27.020000,0.037585,0.485360
27.020000,0.038733,0.484664
27.041000,0.039878,0.484754
27.063000,0.041483,0.483482
27.063000,0.043075,0.483614
27.084000,0.044872,0.482377
27.084000,0.046476,0.481114
27.084000,0.048327,0.480456
27.105000,0.050370,0.479014
27.105000,0.051964,0.478332
27.127001,0.054002,0.477685
27.148001,0.056106,0.477578
27.148001,0.058143,0.476915
27.169001,0.060440,0.477079
27.169001,0.062474,0.476409
27.191000,0.064771,0.475740
27.191000,0.067059,0.475607
27.212000,0.069604,0.475996
27.233000,0.071890,0.476668
27.233000,0.074448,0.476482
27.254999,0.077445,0.477163
27.254999,0.080004,0.477802
27.254999,0.082724,0.477593
27.275999,0.085559,0.478207
27.275999,0.088119,0.478808
27.297001,0.091103,0.479901
27.297001,0.094223,0.480473
27.319000,0.097212,0.481939
27.340000,0.100053,0.482488
27.340000,0.103173,0.484365
27.361000,0.106011,0.484422
27.361000,0.109273,0.485357
27.382999,0.112686,0.485333
27.382999,0.115810,0.486591
27.403999,0.118939,0.488715
27.403999,0.122071,0.490403
27.424999,0.125202,0.491140
27.424999,0.128334,0.493143
27.447001,0.131343,0.493234
27.447001,0.134473,0.493848
27.468000,0.137489,0.494771
27.468000,0.140509,0.495642
27.489000,0.143635,0.496130
27.489000,0.146655,0.496584
27.511000,0.149583,0.497958
27.532000,0.152599,0.497392
27.532000,0.155317,0.497766
27.552999,0.158248,0.498371
27.552999,0.161272,0.498915
27.575001,0.163916,0.500678
27.575001,0.166856,0.501120
27.575001,0.169500,0.502266
27.596001,0.172457,0.503584
27.617001,0.175099,0.504430
27.617001,0.177421,0.504558
27.639000,0.180066,0.505586
27.639000,0.182313,0.505462
27.660000,0.184642,0.506284
27.660000,0.186907,0.507111
27.681000,0.188855,0.507785
27.681000,0.191185,0.509194
27.702999,0.193113,0.508719
27.724001,0.195375,0.509364
27.724001,0.197304,0.508907
27.745001,0.199238,0.508620
27.745001,0.201496,0.509123
27.745001,0.203430,0.508841
27.767000,0.205694,0.509503
27.767000,0.207957,0.510167
27.788000,0.210201,0.509716
27.809000,0.212463,0.510387
27.809000,0.214710,0.510066
27.830999,0.216924,0.509759
27.830999,0.219200,0.511424
27.851999,0.221782,0.512140
27.851999,0.224035,0.513898
27.872999,0.226612,0.514509
27.872999,0.228883,0.516161
27.895000,0.231437,0.516790
27.895000,0.233691,0.518461
27.916000,0.235938,0.519071
27.916000,0.237874,0.520793
27.937000,0.240122,0.522439
27.937000,0.242045,0.523169
27.959000,0.244299,0.524807
27.959000,0.246214,0.525528
27.980000,0.248128,0.526260
28.000999,0.250056,0.527999
28.000999,0.251984,0.529747
28.023001,0.253570,0.530561
28.023001,0.255495,0.532333
28.044001,0.257089,0.533157
28.044001,0.259000,0.534013
28.065001,0.260594,0.534858
28.065001,0.262176,0.534715
28.065001,0.264099,0.536536
28.087000,0.265679,0.537455
28.108000,0.267616,0.539333
28.108000,0.269206,0.540220
28.129000,0.270806,0.542108
28.129000,0.272722,0.543089
28.150999,0.274309,0.544001
28.150999,0.276227,0.545015
28.172001,0.278130,0.545917
28.193001,0.279754,0.547889
28.193001,0.281664,0.549791
28.215000,0.283264,0.550890
28.215000,0.285207,0.552857
28.236000,0.286771,0.553935
28.236000,0.288380,0.556064
28.236000,0.289989,0.556114
28.257000,0.291548,0.557232
28.257000,0.293509,0.559105
28.278999,0.295136,0.561138
28.299999,0.296755,0.562194
28.299999,0.298384,0.564235
28.320999,0.299934,0.565395
28.320999,0.301546,0.565494
28.343000,0.302850,0.566599
28.343000,0.304450,0.567853
28.364000,0.306071,0.568948
28.385000,0.307722,0.570840
28.385000,0.309344,0.571938
28.385000,0.310996,0.573818
28.407000,0.312956,0.574696
28.407000,0.314593,0.574629
28.427999,0.316238,0.575522
28.427999,0.318234,0.575696
28.448999,0.319881,0.576582
28.448999,0.321794,0.577872
28.471001,0.323417,0.578978
28.492001,0.325091,0.580392
28.492001,0.326704,0.580554
28.513000,0.328317,0.580722
28.513000,0.329904,0.581139
28.535000,0.331597,0.581398
28.535000,0.332889,0.580664
28.556000,0.334491,0.579911
28.556000,0.335767,0.580402
28.577000,0.337455,0.579743
28.577000,0.339032,0.579288
28.599001,0.340349,0.578322
28.599001,0.341948,0.577613
28.620001,0.343664,0.576699
28.620001,0.345255,0.575061
28.641001,0.346955,0.575386
28.641001,0.348552,0.574706
28.663000,0.350230,0.575349
28.684000,0.351903,0.575072
28.684000,0.353510,0.576295
28.705000,0.355516,0.576641
28.705000,0.357226,0.577941
28.705000,0.358905,0.578646
28.726999,0.360919,0.579936
28.726999,0.362591,0.579742
28.747999,0.364597,0.580124
28.768999,0.366716,0.580589
28.768999,0.368448,0.580644
28.791000,0.370446,0.580121
28.791000,0.372595,0.580229
28.812000,0.374624,0.580253
28.812000,0.376793,0.579058
28.833000,0.379107,0.578137
28.833000,0.381992,0.576941
28.855000,0.384746,0.575650
28.875999,0.387182,0.574780
28.875999,0.390333,0.573922
28.875999,0.393194,0.573085
28.896999,0.396342,0.572216
28.896999,0.399180,0.571816
28.919001,0.402472,0.571011
28.919001,0.405310,0.570628
28.940001,0.408167,0.569787
28.961000,0.411178,0.569006
28.961000,0.414033,0.568160
28.983000,0.416885,0.567312
28.983000,0.419896,0.566521
29.004000,0.422918,0.566575
29.004000,0.425912,0.566294
29.025000,0.428484,0.565473
29.025000,0.431477,0.565212
29.047001,0.434220,0.564455
29.047001,0.437213,0.564214
29.068001,0.439760,0.563962
29.068001,0.442503,0.563218
29.089001,0.445229,0.563043
29.089001,0.447973,0.562306
29.111000,0.450717,0.561570
29.111000,0.453460,0.560835
29.132000,0.456212,0.560892
29.153000,0.458709,0.560970
29.153000,0.461190,0.561651
29.174999,0.463684,0.563112
29.174999,0.466185,0.563176
29.195999,0.468681,0.564625
29.195999,0.470979,0.564622
29.195999,0.473235,0.564701
29.216999,0.475720,0.565380
29.239000,0.477980,0.565452
29.239000,0.480270,0.565426
29.260000,0.482515,0.566144
29.260000,0.484778,0.566202
29.281000,0.487278,0.566211
29.281000,0.489557,0.566977
29.302999,0.491853,0.567046
29.302999,0.494381,0.567041
29.323999,0.496662,0.566347
29.344999,0.498959,0.567736
29.344999,0.501242,0.568402
29.367001,0.503526,0.569051
29.367001,0.506059,0.570410
29.367001,0.508364,0.571696
29.388000,0.510657,0.573674
29.388000,0.512734,0.575695
29.409000,0.515044,0.576903
29.431000,0.517127,0.578884
29.431000,0.519204,0.579458
29.452000,0.520817,0.580790
29.452000,0.522642,0.582044
29.473000,0.524233,0.582726
29.473000,0.526034,0.583336
29.495001,0.527626,0.584022
29.495001,0.529438,0.583879
29.516001,0.531330,0.583706
29.516001,0.532949,0.582857
29.537001,0.534744,0.581306
29.537001,0.536351,0.581210
29.559000,0.537933,0.580503
29.559000,0.539516,0.579800
29.580000,0.541280,0.577645
29.580000,0.542862,0.576949
29.601000,0.544430,0.574877
29.622999,0.546022,0.573398
29.622999,0.547826,0.572431
29.643999,0.549414,0.570944
29.643999,0.551255,0.570281
29.665001,0.553051,0.569296
29.665001,0.554892,0.568633
29.687000,0.556494,0.568515
29.687000,0.558365,0.567599
29.687000,0.560411,0.567422
29.708000,0.562277,0.567308
29.729000,0.563876,0.567173
29.729000,0.565737,0.567878
29.750999,0.567605,0.567755
29.750999,0.569192,0.569278
29.771999,0.570784,0.569971
29.771999,0.572210,0.569898
29.792999,0.573661,0.570341
29.792999,0.575085,0.571102
29.815001,0.576241,0.571005
29.836000,0.577372,0.570397
29.836000,0.578504,0.569794
29.857000,0.579337,0.568676
29.857000,0.580305,0.568153
29.857000,0.581165,0.566695
29.879000,0.582135,0.566177
29.879000,0.582989,0.565580
29.900000,0.583955,0.565926
29.921000,0.585087,0.565355
29.921000,0.586191,0.565164
29.943001,0.587322,0.564606
29.943001,0.588753,0.564551
29.964001,0.590158,0.564885
29.964001,0.591590,0.564831
29.985001,0.592996,0.565178
29.985001,0.594422,0.565999
30.007000,0.595992,0.567631
30.007000,0.597418,0.568456
30.028000,0.598851,0.568402
30.028000,0.600564,0.569247
30.049000,0.601992,0.570073
30.049000,0.603426,0.570015
30.070999,0.604854,0.570841
30.070999,0.606289,0.570780
30.091999,0.607723,0.570715
30.113001,0.609134,0.570226
30.113001,0.610568,0.570160
30.135000,0.611553,0.569728
30.135000,0.612986,0.569661
30.156000,0.614100,0.570066
30.156000,0.615357,0.569259
30.177000,0.616469,0.569681
30.177000,0.617750,0.569294
30.198999,0.618867,0.568825
30.198999,0.619834,0.568033
30.219999,0.621245,0.567599
30.219999,0.622234,0.567211
30.240999,0.623637,0.567699
30.240999,0.625047,0.567282
30.263000,0.626037,0.566910
30.263000,0.627446,0.566503
30.284000,0.628722,0.564878
30.305000,0.630138,0.563564
30.305000,0.631545,0.563176
30.327000,0.633257,0.561893
30.327000,0.634549,0.561572
30.327000,0.635955,0.561200
30.348000,0.637659,0.560857
30.348000,0.638954,0.560553
30.368999,0.640658,0.560223
30.391001,0.641954,0.559930
30.391001,0.643659,0.559613
30.412001,0.645042,0.558957
30.412001,0.646643,0.558711
30.433001,0.648346,0.558418
30.433001,0.650056,0.557189
30.455000,0.652070,0.555989
30.455000,0.653683,0.554818
30.476000,0.655697,0.553625
30.497000,0.657710,0.552435
30.497000,0.659715,0.552203
30.497000,0.661727,0.551025
30.518999,0.663659,0.551120
30.518999,0.665662,0.550904
30.540001,0.667679,0.550951
30.540001,0.669901,0.551778
30.561001,0.671902,0.551582
30.583000,0.673833,0.550475
30.583000,0.675817,0.550064
30.604000,0.677758,0.548006
30.604000,0.680073,0.546901
30.625000,0.682028,0.545059
30.625000,0.684037,0.542961
30.646999,0.686296,0.542103
30.646999,0.688620,0.539053
30.667999,0.690875,0.537019
30.667999,0.692807,0.534789
30.688999,0.695120,0.532739
30.688999,0.697054,0.530538
30.711000,0.699304,0.528377
30.711000,0.701563,0.526387
30.732000,0.703824,0.524403
30.732000,0.705769,0.522403
30.753000,0.708029,0.520433
30.775000,0.710283,0.519462
30.775000,0.712539,0.517393
30.796000,0.714792,0.516450
30.796000,0.717328,0.515557
30.816999,0.719594,0.513737
30.816999,0.721854,0.511826
30.816999,0.724088,0.509933
30.839001,0.726030,0.507941
30.860001,0.727949,0.505977
30.860001,0.730201,0.505122
30.881001,0.732125,0.503254
30.881001,0.734359,0.502425
30.903000,0.736619,0.500611
30.903000,0.738854,0.499844
30.924000,0.741091,0.499048
30.924000,0.743330,0.498245
30.945000,0.745876,0.498519
30.966999,0.748103,0.498772
30.966999,0.750343,0.498040
30.988001,0.752888,0.498361
30.988001,0.755115,0.498642
30.988001,0.757659,0.498986
31.009001,0.760202,0.499314
31.009001,0.762756,0.499604
31.031000,0.765299,0.499924
31.031000,0.768157,0.500284
31.052000,0.770715,0.500606
31.073000,0.773254,0.500852
31.073000,0.776132,0.501206
31.094999,0.778683,0.502516
31.094999,0.781563,0.502869
31.115999,0.784140,0.502189
31.115999,0.786985,0.502535
31.136999,0.789587,0.502857
31.159000,0.792469,0.503209
31.159000,0.795031,0.503663
31.159000,0.797909,0.504023
31.180000,0.800484,0.503357
31.180000,0.803098,0.503687
31.201000,0.805663,0.503834
31.201000,0.807922,0.503125
31.223000,0.810544,0.503259
31.223000,0.812802,0.502547
31.243999,0.815114,0.502623
31.264999,0.817371,0.501908
31.264999,0.819303,0.502135
31.287001,0.821316,0.501397
31.287001,0.823259,0.500652
31.308001,0.824894,0.499640
31.308001,0.826910,0.498903
31.308001,0.828533,0.498850
31.329000,0.830164,0.498068
31.351000,0.831876,0.497295
31.351000,0.833507,0.496519
31.372000,0.835137,0.495746
31.372000,0.836851,0.494981
31.393000,0.838163,0.495138
31.393000,0.839486,0.494334
31.415001,0.840796,0.494492
31.415001,0.842106,0.494650
31.436001,0.843414,0.495097
31.457001,0.844432,0.494265
31.457001,0.845435,0.494684
31.479000,0.846440,0.494811
31.479000,0.847445,0.494938
31.479000,0.848438,0.496017
31.500000,0.849444,0.496144
31.500000,0.850449,0.496271
31.521000,0.851443,0.497346
31.542999,0.852445,0.497789
31.542999,0.853752,0.497957
31.563999,0.854770,0.497141
31.563999,0.855775,0.497271
31.584999,0.856885,0.497412
31.584999,0.857891,0.497542
31.607000,0.858910,0.496731
31.607000,0.859931,0.495584
31.628000,0.860651,0.494734
31.628000,0.861680,0.493332
31.649000,0.862415,0.491550
31.649000,0.863321,0.491094
31.671000,0.864057,0.489322
31.671000,0.864777,0.488840
31.691999,0.865500,0.488009
31.691999,0.866206,0.488468
31.712999,0.866914,0.488573
31.735001,0.867916,0.489090
31.735001,0.868640,0.488267
31.756001,0.869232,0.488368
31.756001,0.870370,0.487607
31.777000,0.871078,0.487716
31.777000,0.872085,0.487503
31.799000,0.873073,0.488586
31.799000,0.874079,0.488362
31.820000,0.875067,0.489439
31.820000,0.876473,0.490182
31.841000,0.877479,0.489941
31.841000,0.878189,0.490041
31.863001,0.879194,0.489793
31.863001,0.880210,0.489020
31.884001,0.881356,0.487857
31.884001,0.882360,0.487597
31.905001,0.883361,0.487739
31.927000,0.884494,0.487477
31.927000,0.885492,0.488029
31.948000,0.886492,0.488171
31.948000,0.887642,0.486995
31.969000,0.888641,0.487136
31.969000,0.889655,0.486374
31.969000,0.890791,0.486095
31.990999,0.892213,0.486287
32.012001,0.893211,0.486428
32.012001,0.894348,0.486575
32.033001,0.895771,0.486768
32.033001,0.897052,0.486954
32.055000,0.898204,0.486212
32.055000,0.899626,0.486408
32.076000,0.901065,0.485260
32.076000,0.902916,0.485509
32.097000,0.904336,0.486171
32.118999,0.906054,0.485537
32.118999,0.907623,0.486225
32.118999,0.909507,0.484739
32.139999,0.911655,0.484187
32.139999,0.913528,0.483102
32.160999,0.915399,0.482510
32.160999,0.917526,0.483341
32.182999,0.919832,0.482828
32.203999,0.921956,0.483682
32.203999,0.924260,0.483710
32.224998,0.926839,0.483287
32.224998,0.929131,0.483664
32.247002,0.931863,0.484111
32.247002,0.934406,0.485380
32.268002,0.937134,0.486382
32.268002,0.939869,0.486840
32.289001,0.942435,0.487027
32.289001,0.945162,0.488075
32.311001,0.947905,0.488328
32.311001,0.950639,0.488824
32.332001,0.953372,0.489321
32.332001,0.955851,0.489768
32.353001,0.958575,0.490450
32.353001,0.961056,0.490889
32.375000,0.963555,0.490547
32.396000,0.965838,0.490965
32.396000,0.968336,0.490640
32.417000,0.970599,0.489636
32.417000,0.972903,0.488654
32.438999,0.975152,0.488407
32.438999,0.977644,0.488201
32.438999,0.979711,0.486498
32.459999,0.981964,0.486221
32.459999,0.984045,0.483760
32.480999,0.986109,0.482035
32.502998,0.987954,0.479519
32.502998,0.990226,0.478489
32.523998,0.992049,0.477384
32.523998,0.993866,0.476972
32.544998,0.995666,0.477284
32.544998,0.997260,0.476864
32.567001,0.998870,0.475712
32.588001,0.000470,0.474606
32.588001,0.002091,0.472768
32.609001,0.003460,0.472322
32.609001,0.004844,0.470452
32.609001,0.006248,0.467889
32.631001,0.007861,0.466034
32.631001,0.009266,0.463473
32.652000,0.010649,0.461594
32.652000,0.012054,0.459038
32.673000,0.013671,0.457171
32.695000,0.015080,0.453884
32.695000,0.016702,0.451269
32.716000,0.018111,0.447979
32.716000,0.019783,0.444042
32.737000,0.021193,0.440012
32.737000,0.022870,0.435339
32.758999,0.024070,0.431224
32.779999,0.025750,0.426556
32.779999,0.026979,0.421054
32.779999,0.028491,0.415676
32.800999,0.029932,0.411048
32.800999,0.031589,0.407035
32.823002,0.033258,0.404546
32.823002,0.034930,0.402068
32.844002,0.036362,0.399324
32.844002,0.037785,0.396878
32.865002,0.039260,0.393541
32.887001,0.040475,0.389460
32.887001,0.041699,0.386155
32.908001,0.042883,0.383435
32.908001,0.044337,0.381462
32.929001,0.045735,0.380418
32.929001,0.047193,0.378452
32.929001,0.048348,0.377076
32.951000,0.049502,0.375697
32.972000,0.050647,0.373532
32.972000,0.052292,0.370912
32.993000,0.053436,0.368739
32.993000,0.054859,0.367311
33.014999,0.056517,0.365475
33.014999,0.058080,0.364715
33.035999,0.059915,0.363908
33.035999,0.061490,0.363918
33.056999,0.063327,0.363090
33.078999,0.065354,0.363186
33.078999,0.067644,0.362439
33.099998,0.070223,0.362453
33.099998,0.072793,0.361653
33.099998,0.075534,0.360979
33.120998,0.078565,0.361080
33.120998,0.081470,0.359745
33.143002,0.084798,0.360648
33.164001,0.088227,0.361325
33.164001,0.091552,0.362239
33.185001,0.095317,0.363280
33.185001,0.098874,0.363779
33.207001,0.102486,0.364698
33.207001,0.106197,0.367040
33.228001,0.109801,0.367984
33.228001,0.113227,0.370069
33.249001,0.116572,0.369782
33.249001,0.120040,0.370625
33.271000,0.123252,0.370235
33.271000,0.126720,0.370216
33.292000,0.130189,0.370200
33.292000,0.133353,0.369291
33.313000,0.136402,0.370035
33.313000,0.139609,0.369702
33.334999,0.142707,0.369250
33.355999,0.145393,0.368671
33.355999,0.148185,0.368243
33.376999,0.150931,0.367204
33.376999,0.153625,0.366655
33.398998,0.156054,0.366517
33.398998,0.158389,0.366236
33.419998,0.160767,0.366612
33.419998,0.163151,0.366082
33.441002,0.165183,0.365162
33.441002,0.167253,0.364639
33.463001,0.169243,0.363982
33.463001,0.170938,0.364602
33.484001,0.172881,0.364175
33.484001,0.174548,0.364433
33.505001,0.176288,0.364838
33.505001,0.178234,0.364412
33.527000,0.179862,0.363956
33.548000,0.181878,0.363662
33.548000,0.183817,0.364156
33.569000,0.186040,0.363926
33.569000,0.187712,0.365459
33.591000,0.189936,0.365207
33.591000,0.191878,0.365684
33.591000,0.193838,0.365518
33.612000,0.196073,0.364287
33.632999,0.198368,0.361954
33.632999,0.200282,0.360669
33.654999,0.202532,0.358181
33.654999,0.204557,0.355678
33.675999,0.206206,0.353948
33.675999,0.207910,0.351435
33.696999,0.209576,0.348783
33.696999,0.211301,0.346033
33.719002,0.212977,0.343403
33.740002,0.214646,0.341712
33.740002,0.216350,0.340186
33.740002,0.218340,0.339477
33.761002,0.219990,0.338049
33.761002,0.221985,0.337354
33.783001,0.223653,0.336628
33.783001,0.225360,0.335144
33.804001,0.226973,0.334492
33.825001,0.228630,0.334712
33.825001,0.229956,0.334894
33.847000,0.231630,0.335290
33.847000,0.232956,0.335485
33.868000,0.234242,0.334792
33.868000,0.235530,0.334097
33.889000,0.236868,0.334459
33.889000,0.238156,0.333763
33.910999,0.239426,0.333992
33.910999,0.240754,0.334202
33.931999,0.242010,0.335518
33.931999,0.243261,0.336674
33.952999,0.244512,0.337830
33.952999,0.246094,0.339194
33.974998,0.247344,0.340347
33.974998,0.248613,0.340566
33.995998,0.249862,0.341716
33.995998,0.251088,0.343951
34.016998,0.252038,0.345995
34.039001,0.252956,0.347089
34.039001,0.253897,0.349286
34.060001,0.254864,0.350401
34.060001,0.255472,0.350495
34.060001,0.256109,0.351554
34.081001,0.256787,0.350731
34.081001,0.257445,0.350850
34.103001,0.257806,0.349827
34.124001,0.258207,0.348980
34.124001,0.258207,0.348980
34.145000,0.258280,0.348074
34.145000,0.258280,0.348074
34.167000,0.258353,0.347169
34.167000,0.258074,0.347139
34.188000,0.257819,0.346169
34.188000,0.257576,0.345052
34.209000,0.257246,0.344986
34.230999,0.256638,0.344885
34.230999,0.256360,0.344848
34.230999,0.255752,0.344742
34.251999,0.254843,0.345527
34.251999,0.253930,0.344409
34.272999,0.253322,0.344293
34.272999,0.252385,0.344106
34.294998,0.251395,0.343902
34.316002,0.250458,0.343712
34.316002,0.249468,0.343509
34.337002,0.248478,0.343310
34.337002,0.247465,0.344049
34.359001,0.246475,0.343855
34.359001,0.245231,0.342663
34.380001,0.244238,0.342321
34.380001,0.242971,0.342062
34.401001,0.241703,0.341800
34.401001,0.240436,0.341536
34.423000,0.239148,0.342203
34.423000,0.237598,0.341693
34.444000,0.236034,0.342260
34.444000,0.234141,0.342752
34.465000,0.232511,0.343182
34.465000,0.230619,0.343656
34.487000,0.228679,0.343081
34.507999,0.226790,0.343537
34.507999,0.224552,0.343765
34.528999,0.222337,0.344135
34.528999,0.220099,0.344337
34.550999,0.217805,0.344609
34.550999,0.215566,0.344793
34.550999,0.212943,0.345000
34.571999,0.210376,0.345106
34.592999,0.208137,0.345257
34.592999,0.205536,0.344527
34.615002,0.202928,0.344445
34.615002,0.200307,0.344642
34.636002,0.197362,0.344788
34.636002,0.194676,0.345756
34.657001,0.192061,0.345960
34.657001,0.189391,0.346006
34.679001,0.186763,0.347135
34.700001,0.184093,0.347184
34.700001,0.181688,0.347467
34.721001,0.179028,0.347880
34.721001,0.176679,0.347988
34.721001,0.174329,0.348095
34.743000,0.171601,0.348380
34.743000,0.169328,0.348652
34.764000,0.166979,0.348763
34.785000,0.164630,0.348873
34.785000,0.162543,0.349259
34.806999,0.160193,0.349372
34.806999,0.157855,0.348580
34.827999,0.155777,0.348083
34.827999,0.153334,0.348040
34.848999,0.151309,0.347285
34.848999,0.149341,0.346251
34.870998,0.146900,0.345305
34.870998,0.144931,0.344257
34.891998,0.142486,0.343309
34.891998,0.140517,0.342248
34.912998,0.138121,0.341870
34.912998,0.136087,0.341983
34.935001,0.133940,0.341923
34.935001,0.131960,0.342577
34.956001,0.129923,0.343546
34.977001,0.127395,0.345532
34.977001,0.125362,0.346490
34.999001,0.123214,0.346406
34.999001,0.120754,0.347167
35.020000,0.118604,0.347074
35.020000,0.116151,0.346962
35.041000,0.113753,0.347330
35.041000,0.111468,0.347051
35.041000,0.109076,0.346534
35.063000,0.106621,0.347248
35.084000,0.104092,0.346537
35.084000,0.101498,0.347062
35.105000,0.099048,0.347749
35.105000,0.096840,0.348022
35.126999,0.094249,0.347698
35.126999,0.091657,0.347373
35.147999,0.089356,0.347051
35.168999,0.086762,0.346721
35.168999,0.084457,0.346392
35.191002,0.081862,0.346059
35.191002,0.079269,0.345724
35.212002,0.076960,0.345387
35.212002,0.074367,0.344246
35.212002,0.072055,0.343108
35.233002,0.069744,0.342768
35.233002,0.067255,0.341462
35.255001,0.064933,0.339548
35.276001,0.062896,0.339198
35.276001,0.060576,0.338081
35.297001,0.058529,0.336951
35.297001,0.056736,0.336254
35.319000,0.054687,0.335122
35.319000,0.052708,0.334231
35.340000,0.050656,0.333098
35.361000,0.048667,0.331435
35.361000,0.046955,0.330492
35.361000,0.045362,0.329512
35.382999,0.043313,0.329123
35.382999,0.041653,0.328692
35.403999,0.039870,0.328273
35.403999,0.038274,0.327298
35.424999,0.036554,0.326312
35.424999,0.034957,0.325335
35.446999,0.033156,0.324176
35.467999,0.031752,0.323735
35.467999,0.030399,0.322011
35.488998,0.028940,0.321807
35.488998,0.027533,0.321383
35.511002,0.026125,0.320965
35.511002,0.024648,0.321137
35.532001,0.023046,0.320197
35.532001,0.021634,0.319799
35.553001,0.020240,0.320103
35.553001,0.019043,0.319896
35.575001,0.017331,0.320856
35.575001,0.015937,0.321169
35.596001,0.014092,0.322046
35.596001,0.012247,0.322920
35.617001,0.010467,0.323176
35.617001,0.008420,0.322800
35.639000,0.006170,0.322916
35.660000,0.004228,0.322336
35.660000,0.001956,0.321763
35.681000,0.999902,0.320471
35.681000,0.997627,0.319900
35.681000,0.995760,0.320087
35.702999,0.993463,0.318874
35.702999,0.991423,0.318241
35.723999,0.989149,0.317675
35.744999,0.987081,0.316409
35.744999,0.984971,0.316436
35.766998,0.983078,0.316025
35.766998,0.980967,0.316066
35.787998,0.979131,0.316898
35.787998,0.976956,0.317625
35.808998,0.975317,0.317774
35.808998,0.973394,0.318693
35.831001,0.971536,0.318931
35.852001,0.969898,0.319091
35.852001,0.968229,0.318663
35.852001,0.966785,0.319698
35.873001,0.965147,0.319868
35.873001,0.963508,0.320040
35.895000,0.961810,0.320925
35.895000,0.960172,0.321103
35.916000,0.958501,0.320714
35.937000,0.957126,0.321060
35.937000,0.955397,0.321407
35.959000,0.954171,0.322394
35.959000,0.952501,0.322035
35.980000,0.950808,0.322968
35.980000,0.949172,0.323173
36.000999,0.947538,0.323379
36.000999,0.945634,0.323431
36.022999,0.943805,0.323736
36.022999,0.941958,0.323045
36.043999,0.940053,0.323102
36.043999,0.938147,0.323160
36.064999,0.936241,0.323222
36.064999,0.934147,0.323387
36.087002,0.932240,0.323454
36.087002,0.929872,0.323479
36.108002,0.927685,0.323405
36.129002,0.925777,0.323482
36.129002,0.923371,0.323037
36.151001,0.921411,0.323906
36.151001,0.919007,0.323492
36.172001,0.917010,0.323912
36.172001,0.914726,0.324214
36.172001,0.912730,0.324673
36.193001,0.910694,0.324696
36.193001,0.908410,0.325067
36.215000,0.906461,0.326031
36.236000,0.904472,0.326565
36.236000,0.902190,0.326993
36.257000,0.899953,0.327870
36.257000,0.897970,0.328455
36.278999,0.895734,0.328117
36.278999,0.893796,0.327909
36.299999,0.891561,0.327600
36.320999,0.889516,0.327576
36.320999,0.887025,0.327573
36.342999,0.884835,0.327685
36.342999,0.882687,0.326962
36.342999,0.880331,0.326839
36.363998,0.878183,0.326116
36.363998,0.875729,0.325286
36.384998,0.873453,0.324677
36.407001,0.871306,0.323949
36.407001,0.869027,0.323321
36.428001,0.866695,0.322343
36.428001,0.864289,0.321837
36.449001,0.862265,0.320959
36.449001,0.859926,0.319976
36.471001,0.857952,0.319411
36.471001,0.855609,0.318423
36.492001,0.853580,0.317539
36.492001,0.851605,0.316950
36.513000,0.849258,0.315959
36.513000,0.847388,0.315204
36.535000,0.845318,0.315176
36.535000,0.843343,0.314556
36.556000,0.841412,0.313505
36.556000,0.839057,0.312508
36.577000,0.837538,0.310942
36.598999,0.835598,0.309882
36.598999,0.833587,0.310099
36.619999,0.831644,0.309035
36.619999,0.829988,0.308942
36.640999,0.828331,0.308850
36.640999,0.826685,0.308270
36.662998,0.825028,0.308173
36.662998,0.823371,0.308077
36.662998,0.821749,0.307103
36.683998,0.820436,0.306726
36.705002,0.818810,0.305754
36.705002,0.817451,0.304673
36.727001,0.816228,0.303627
36.727001,0.814931,0.302748
36.748001,0.813641,0.301507
36.748001,0.812674,0.300718
36.769001,0.811445,0.299666
36.769001,0.810080,0.298605
36.791000,0.808882,0.296677
36.812000,0.807982,0.295710
36.812000,0.806682,0.294829
36.833000,0.805781,0.293858
36.833000,0.804809,0.292721
36.833000,0.803508,0.291841
36.855000,0.802570,0.291738
36.855000,0.801666,0.290761
36.875999,0.800401,0.290901
36.896999,0.799462,0.290790
36.896999,0.798592,0.290823
36.918999,0.797292,0.289928
36.918999,0.796423,0.289950
36.939999,0.795427,0.290009
36.939999,0.794148,0.289796
36.960999,0.793278,0.289801
36.960999,0.791980,0.288893
36.983002,0.791037,0.288759
36.983002,0.789755,0.288536
37.004002,0.788811,0.288398
37.004002,0.787820,0.288445
37.025002,0.786909,0.287430
37.025002,0.785964,0.287287
37.047001,0.784605,0.286946
37.047001,0.783732,0.286909
37.068001,0.782744,0.286950
37.089001,0.781764,0.287674
37.089001,0.780477,0.287438
37.111000,0.779533,0.288447
37.111000,0.778173,0.288113
37.132000,0.777225,0.287956
37.132000,0.775937,0.287716
37.153000,0.774615,0.287665
37.153000,0.773667,0.287504
37.174999,0.772347,0.288139
37.174999,0.771088,0.287017
37.195999,0.770094,0.285903
37.195999,0.768803,0.285660
37.216999,0.767586,0.285479
37.216999,0.766712,0.285370
37.238998,0.765419,0.285116
37.238998,0.764469,0.284940
37.259998,0.763441,0.284709
37.280998,0.762520,0.283655
37.280998,0.761912,0.283552
37.303001,0.760931,0.284247
37.303001,0.760322,0.284140
37.303001,0.759294,0.283913
37.324001,0.758685,0.283804
37.324001,0.757685,0.282706
37.345001,0.757076,0.282595
37.367001,0.756046,0.282376
37.367001,0.755466,0.281389
37.388000,0.754436,0.281173
37.388000,0.753827,0.281058
37.409000,0.753149,0.280715
37.409000,0.752540,0.280598
37.431000,0.751852,0.280457
37.431000,0.751163,0.280318
37.452000,0.750527,0.281072
37.473000,0.750183,0.281003
37.473000,0.749495,0.280867
37.473000,0.749230,0.280813
37.494999,0.748886,0.280745
37.494999,0.748542,0.280677
37.515999,0.748198,0.280610
37.515999,0.747933,0.280553
37.536999,0.747933,0.280553
37.558998,0.747589,0.280486
37.558998,0.747509,0.280477
37.580002,0.747509,0.280477
37.580002,0.747854,0.280543
37.601002,0.747827,0.281417
37.601002,0.747827,0.281417
37.623001,0.747824,0.281618
37.623001,0.748167,0.281685
37.644001,0.748432,0.281741
37.644001,0.748775,0.281807
37.665001,0.749119,0.281874
37.665001,0.749384,0.281928
37.687000,0.750071,0.282062
37.687000,0.750336,0.282113
37.708000,0.750996,0.283124
37.708000,0.751605,0.283241
37.729000,0.752214,0.283356
37.750999,0.753244,0.283561
37.750999,0.753853,0.283674
37.771999,0.754529,0.284011
37.771999,0.755137,0.284121
37.792999,0.756165,0.284332
37.792999,0.756851,0.284474
37.792999,0.757802,0.284654
37.814999,0.758752,0.284833
37.814999,0.759703,0.285009
37.835999,0.760996,0.285257
37.856998,0.762318,0.284628
37.856998,0.763631,0.284679
37.879002,0.764925,0.284925
37.879002,0.766590,0.284371
37.900002,0.768149,0.284629
37.900002,0.770125,0.285027
37.921001,0.771682,0.285274
37.943001,0.773611,0.285400
37.943001,0.775584,0.285796
37.964001,0.777822,0.286187
37.964001,0.779754,0.286299
37.964001,0.781990,0.286678
37.985001,0.784605,0.286946
37.985001,0.786836,0.287315
38.007000,0.789489,0.288572
38.007000,0.791764,0.288749
38.028000,0.794325,0.289195
38.049000,0.796937,0.289452
38.049000,0.799548,0.289707
38.070999,0.802121,0.290829
38.070999,0.805129,0.290990
38.091999,0.807737,0.291237
38.091999,0.810678,0.291577
38.112999,0.813354,0.291640
38.112999,0.816290,0.291978
38.134998,0.818968,0.292038
38.134998,0.821939,0.293062
38.155998,0.824535,0.293290
38.155998,0.827543,0.293449
38.176998,0.830157,0.293267
38.176998,0.833122,0.294272
38.199001,0.835736,0.294063
38.199001,0.838740,0.294203
38.220001,0.841517,0.294065
38.241001,0.844131,0.293821
38.241001,0.846765,0.294683
38.263000,0.849871,0.294647
38.263000,0.852178,0.295385
38.284000,0.854849,0.295391
38.284000,0.857573,0.294927
38.284000,0.860299,0.294449
38.305000,0.862965,0.294436
38.327000,0.865436,0.294142
38.327000,0.867848,0.293513
38.348000,0.870323,0.293207
38.348000,0.872983,0.293179
38.368999,0.875459,0.292869
38.368999,0.877936,0.292556
38.390999,0.880354,0.291877
38.390999,0.882785,0.292359
38.411999,0.885323,0.292406
38.432999,0.887802,0.292081
38.432999,0.890033,0.292013
38.455002,0.892563,0.290896
38.455002,0.894950,0.290689
38.455002,0.897180,0.289450
38.476002,0.899411,0.288214
38.476002,0.901893,0.287899
38.497002,0.904349,0.286942
38.519001,0.906586,0.285723
38.519001,0.909293,0.285703
38.540001,0.911704,0.284350
38.540001,0.914186,0.284054
38.561001,0.916545,0.283465
38.561001,0.919202,0.283025
38.583000,0.921860,0.282587
38.583000,0.924167,0.282741
38.604000,0.926821,0.283512
38.604000,0.929058,0.283540
38.625000,0.931366,0.283686
38.625000,0.934076,0.283743
38.646999,0.936437,0.284379
38.646999,0.938603,0.285152
38.667999,0.940961,0.285795
38.667999,0.943307,0.287670
38.688999,0.945448,0.287447
38.710999,0.947325,0.288068
38.710999,0.949474,0.288850
38.731998,0.951326,0.289716
38.731998,0.953244,0.290876
38.752998,0.954952,0.291178
38.752998,0.956928,0.291657
38.775002,0.958590,0.291430
38.775002,0.960295,0.291761
38.796001,0.961757,0.290686
38.796001,0.963420,0.290474
38.817001,0.965368,0.289473
38.817001,0.967100,0.288596
38.839001,0.969012,0.287049
38.839001,0.970636,0.286284
38.860001,0.972597,0.285322
38.860001,0.974223,0.284559
38.881001,0.976374,0.284450
38.903000,0.978200,0.284819
38.903000,0.980098,0.284538
38.924000,0.982057,0.285146
38.924000,0.983956,0.284881
38.924000,0.986105,0.284808
38.945000,0.988005,0.284556
38.945000,0.990117,0.285739
38.966999,0.992018,0.285500
38.987999,0.993956,0.285888
38.987999,0.996099,0.285856
39.008999,0.998111,0.285656
39.008999,0.000013,0.285454
39.030998,0.001949,0.285894
39.030998,0.004102,0.285626
39.051998,0.005930,0.286043
39.051998,0.007582,0.285945
39.073002,0.009515,0.286424
39.095001,0.011673,0.286186
39.095001,0.013527,0.287272
39.095001,0.015351,0.287700
39.116001,0.017629,0.287588
39.116001,0.019529,0.287441
39.137001,0.021638,0.288473
39.137001,0.023459,0.288900
39.159000,0.025302,0.290008
39.180000,0.027119,0.290435
39.180000,0.029224,0.291489
39.201000,0.031039,0.291916
39.201000,0.033120,0.292283
39.223000,0.035009,0.292166
39.223000,0.037089,0.292536
39.243999,0.039169,0.292906
39.243999,0.040871,0.293311
39.264999,0.042676,0.293736
39.264999,0.044375,0.294155
39.286999,0.046333,0.293818
39.286999,0.048134,0.294247
39.307999,0.049753,0.295197
39.307999,0.051829,0.295582
39.328999,0.053431,0.295801
39.328999,0.055034,0.296018
39.351002,0.056650,0.296973
39.372002,0.058343,0.297441
39.372002,0.059944,0.297657
39.393002,0.061557,0.298620
39.393002,0.063169,0.299586
39.415001,0.064679,0.299518
39.415001,0.066200,0.300193
39.415001,0.068199,0.301791
39.436001,0.069891,0.303048
39.436001,0.071504,0.304782
39.457001,0.073172,0.304521
39.479000,0.074809,0.304950
39.479000,0.076401,0.305141
39.500000,0.077993,0.305328
39.500000,0.079884,0.306275
39.521000,0.081480,0.307243
39.521000,0.083067,0.307423
39.542999,0.084497,0.308192
39.563999,0.086083,0.308367
39.563999,0.087508,0.308340
39.584999,0.088715,0.308697
39.584999,0.090145,0.309467
39.584999,0.091277,0.310248
39.606998,0.092405,0.310226
39.606998,0.093831,0.310189
39.627998,0.094958,0.310157
39.627998,0.096459,0.309708
39.648998,0.097585,0.309671
39.671001,0.099013,0.309622
39.671001,0.100514,0.309175
39.692001,0.101945,0.309936
39.692001,0.103302,0.311086
39.713001,0.104947,0.310838
39.713001,0.106375,0.311599
39.735001,0.107803,0.311536
39.735001,0.109537,0.311468
39.756001,0.111031,0.311962
39.756001,0.112838,0.311521
39.777000,0.114574,0.311445
39.777000,0.116134,0.312393
39.799000,0.117870,0.312313
39.799000,0.119605,0.313069
39.820000,0.121343,0.312987
39.820000,0.123207,0.313096
39.841000,0.124945,0.313009
39.862999,0.127046,0.313448
39.862999,0.128781,0.314200
39.883999,0.130834,0.314114
39.883999,0.133000,0.315072
39.904999,0.134733,0.315829
39.904999,0.136969,0.315633
39.904999,0.139023,0.315553
39.926998,0.141008,0.315764
39.948002,0.143487,0.315886
39.948002,0.145535,0.316666
39.969002,0.147591,0.316581
39.969002,0.150058,0.317579
39.991001,0.152113,0.317496
39.991001,0.154168,0.317412
40.012001,0.156545,0.317354
40.012001,0.158532,0.317514
40.033001,0.160910,0.317452
40.055000,0.162954,0.318244
40.055000,0.165264,0.318413
40.076000,0.167249,0.318538
40.076000,0.169290,0.319324
40.076000,0.171666,0.319258
40.097000,0.173575,0.319175
40.097000,0.175638,0.318178
40.118999,0.177620,0.318261
40.139999,0.179585,0.318856
40.139999,0.181565,0.318922
40.160999,0.183464,0.319691
40.160999,0.185508,0.319565
40.182999,0.187161,0.319216
40.182999,0.188814,0.318865
40.203999,0.190400,0.318668
40.203999,0.191709,0.319168
40.224998,0.193362,0.318807
40.224998,0.194617,0.319122
40.247002,0.195595,0.319574
40.247002,0.196902,0.320066
40.268002,0.197813,0.320649
40.268002,0.198739,0.320913
40.289001,0.199981,0.321526
40.289001,0.200906,0.321181
40.311001,0.202116,0.320692
40.332001,0.203106,0.320208
40.332001,0.204015,0.320748
40.353001,0.204959,0.320078
40.353001,0.205997,0.320376
40.375000,0.206928,0.320612
40.375000,0.207875,0.319936
40.396000,0.209194,0.319476
40.396000,0.210142,0.318795
40.417000,0.211127,0.318289
40.417000,0.212410,0.317644
40.438999,0.213360,0.316954
40.438999,0.214677,0.316483
40.459999,0.215629,0.315788
40.459999,0.216662,0.314101
40.480999,0.217600,0.314310
40.480999,0.218582,0.313791
40.502998,0.219453,0.314071
40.523998,0.220407,0.313364
40.523998,0.221372,0.313741
40.544998,0.222260,0.313097
40.544998,0.223200,0.313287
40.567001,0.224178,0.312747
40.567001,0.225118,0.312932
40.567001,0.226059,0.313114
40.588001,0.227005,0.314382
40.609001,0.227930,0.315471
40.609001,0.228938,0.316686
40.631001,0.229944,0.316817
40.631001,0.230868,0.317908
40.652000,0.232159,0.318305
40.652000,0.233434,0.318525
40.673000,0.234774,0.318710
40.673000,0.236062,0.319104
40.695000,0.237655,0.320286
40.716000,0.239255,0.321641
40.716000,0.240785,0.322843
40.716000,0.242399,0.323274
40.737000,0.244342,0.323586
40.737000,0.246012,0.323846
40.758999,0.247955,0.324166
40.758999,0.249898,0.324487
40.779999,0.251881,0.325744
40.800999,0.254157,0.326132
40.800999,0.256422,0.326686
40.823002,0.258361,0.327018
40.823002,0.260647,0.327251
40.844002,0.263252,0.327715
40.844002,0.265547,0.327197
40.865002,0.268091,0.327608
40.865002,0.270408,0.326933
40.887001,0.273008,0.327411
40.887001,0.275636,0.327735
40.908001,0.278506,0.328205
40.908001,0.281134,0.328538
40.929001,0.283790,0.327961
40.929001,0.286751,0.328386
40.951000,0.289410,0.327826
40.951000,0.292370,0.328271
40.972000,0.295030,0.327731
40.972000,0.297933,0.328046
40.993000,0.300561,0.328426
41.014999,0.303187,0.328812
41.014999,0.306179,0.328066
41.035999,0.308804,0.328461
41.035999,0.311799,0.327715
41.035999,0.314421,0.328119
41.056999,0.317385,0.328274
41.056999,0.320349,0.328423
41.078999,0.323227,0.329243
41.099998,0.326480,0.330364
41.099998,0.329408,0.331379
41.120998,0.332605,0.332236
41.120998,0.335565,0.332334
41.143002,0.338522,0.332425
41.143002,0.341843,0.332200
41.164001,0.344946,0.332417
41.164001,0.347991,0.331187
41.185001,0.351365,0.331220
41.207001,0.354413,0.329966
41.207001,0.357511,0.329014
41.207001,0.360990,0.327713
41.228001,0.364042,0.326430
41.228001,0.367537,0.326307
41.249001,0.370598,0.326207
41.249001,0.373786,0.325971
41.271000,0.376844,0.325866
41.292000,0.379729,0.325512
41.292000,0.382969,0.325654
41.313000,0.386021,0.325549
41.313000,0.388911,0.325194
41.334999,0.391850,0.325243
41.334999,0.394492,0.325181
41.355999,0.397281,0.325375
41.355999,0.400176,0.325030
41.376999,0.402821,0.324990
41.376999,0.405718,0.324646
41.398998,0.408323,0.324171
41.398998,0.411267,0.323023
41.419998,0.413875,0.322545
41.419998,0.416526,0.322530
41.441002,0.419135,0.322051
41.441002,0.421963,0.321933
41.463001,0.424574,0.321455
41.484001,0.427228,0.321467
41.484001,0.429788,0.321757
41.505001,0.432347,0.322036
41.505001,0.434677,0.321405
41.527000,0.437234,0.321665
41.527000,0.439796,0.321435
41.527000,0.442130,0.320793
41.548000,0.444451,0.321427
41.569000,0.446785,0.320779
41.569000,0.449157,0.320672
41.591000,0.451399,0.320205
41.591000,0.453909,0.317601
41.612000,0.456214,0.319496
41.612000,0.458268,0.319964
41.632999,0.460637,0.319858
41.632999,0.462669,0.318464
41.654999,0.464686,0.318344
41.675999,0.466757,0.317509
41.675999,0.468952,0.316680
41.696999,0.471064,0.316421
41.696999,0.473083,0.316264
41.696999,0.474666,0.316647
41.719002,0.476684,0.316471
41.719002,0.478506,0.315454
41.740002,0.480143,0.315144
41.761002,0.481756,0.314585
41.761002,0.483356,0.313663
41.783001,0.484746,0.313204
41.783001,0.486382,0.312899
41.804001,0.487715,0.313103
41.804001,0.488875,0.312742
41.825001,0.490022,0.312129
41.825001,0.491181,0.311768
41.847000,0.492274,0.311806
41.847000,0.493432,0.311443
41.868000,0.494585,0.310827
41.868000,0.495648,0.310470
41.889000,0.496565,0.309947
41.889000,0.497758,0.309968
41.910999,0.498913,0.309603
41.910999,0.499832,0.309081
41.931999,0.500991,0.308462
41.952999,0.501911,0.307939
41.952999,0.502830,0.307415
41.974998,0.503786,0.307544
41.974998,0.504706,0.307021
41.995998,0.505183,0.307087
41.995998,0.506103,0.306565
42.016998,0.507024,0.306042
42.016998,0.507748,0.306016
42.016998,0.508422,0.305588
42.039001,0.509148,0.305564
42.060001,0.509591,0.304971
42.060001,0.510547,0.305113
42.081001,0.510990,0.304520
42.081001,0.511434,0.303926
42.103001,0.511912,0.303998
42.103001,0.512355,0.303403
42.124001,0.512833,0.303475
42.145000,0.513085,0.303383
42.145000,0.513563,0.303456
42.167000,0.513528,0.302788
42.167000,0.513780,0.302695
42.188000,0.514007,0.302861
42.188000,0.514259,0.302768
42.188000,0.514485,0.302935
42.209000,0.514738,0.302843
42.230999,0.514964,0.303009
42.230999,0.515182,0.302247
42.251999,0.515345,0.303011
42.251999,0.515823,0.303085
42.272999,0.516077,0.302993
42.272999,0.516521,0.302395
42.294998,0.516965,0.301796
42.294998,0.517922,0.301947
42.316002,0.518338,0.302615
42.337002,0.519294,0.302768
42.337002,0.519709,0.303435
42.337002,0.520665,0.303591
42.359001,0.521336,0.304168
42.359001,0.522001,0.303730
42.380001,0.523214,0.303803
42.380001,0.524105,0.304547
42.401001,0.524996,0.305290
42.401001,0.525949,0.305456
42.423000,0.527345,0.306980
42.444000,0.528233,0.307725
42.444000,0.529383,0.308389
42.465000,0.530545,0.308732
42.465000,0.531694,0.309398
42.487000,0.532579,0.310143
42.487000,0.533938,0.310977
42.507999,0.535086,0.311645
42.507999,0.536032,0.311829
42.528999,0.537181,0.312499
42.528999,0.538598,0.312783
42.550999,0.539452,0.312804
42.550999,0.540601,0.313473
42.571999,0.541812,0.313596
42.571999,0.543163,0.314435
42.592999,0.544373,0.314566
42.592999,0.545560,0.313966
42.615002,0.546882,0.314072
42.636002,0.548069,0.313472
42.636002,0.549664,0.313506
42.657001,0.550876,0.313649
42.657001,0.552557,0.313904
42.657001,0.553833,0.313540
42.679001,0.555491,0.313065
42.679001,0.556639,0.313743
42.700001,0.558297,0.313272
42.721001,0.559510,0.313446
42.721001,0.560658,0.314126
42.743000,0.562315,0.313664
42.743000,0.563463,0.314344
42.764000,0.564655,0.313765
42.764000,0.566266,0.314566
42.785000,0.567413,0.315245
42.785000,0.568540,0.315151
42.806999,0.569687,0.315827
42.827999,0.570611,0.316074
42.827999,0.571581,0.316577
42.827999,0.572709,0.316472
42.848999,0.573631,0.316722
42.848999,0.574315,0.317270
42.870998,0.575442,0.317159
42.870998,0.576190,0.317237
42.891998,0.576922,0.316530
42.912998,0.577589,0.316286
42.912998,0.578491,0.315751
42.935001,0.579240,0.315831
42.935001,0.579682,0.315171
42.956001,0.580264,0.315077
42.956001,0.580723,0.315206
42.977001,0.581473,0.315291
42.977001,0.581915,0.314630
42.999001,0.582373,0.314761
42.999001,0.583041,0.314503
43.020000,0.583499,0.314634
43.020000,0.584020,0.314990
43.041000,0.584477,0.315121
43.041000,0.585163,0.315652
43.063000,0.585620,0.315784
43.063000,0.586060,0.315118
43.084000,0.586649,0.315031
43.105000,0.587024,0.314803
43.105000,0.587481,0.314936
43.126999,0.587936,0.315068
43.126999,0.588167,0.315461
43.147999,0.588606,0.314792
43.147999,0.588902,0.314749
43.147999,0.589165,0.313103
43.168999,0.589588,0.311636
43.191002,0.589967,0.311961
43.191002,0.589983,0.312762
43.212002,0.590438,0.312897
43.212002,0.590454,0.313699
43.233002,0.590373,0.313326
43.233002,0.590762,0.313888
43.255001,0.590762,0.313888
43.255001,0.591010,0.315078
43.276001,0.591168,0.315253
43.297001,0.591103,0.315682
43.297001,0.591103,0.315682
43.319000,0.591119,0.316487
43.319000,0.590601,0.316786
43.319000,0.590665,0.316355
43.340000,0.590305,0.316829
43.340000,0.589850,0.316700
43.361000,0.589850,0.316700
43.382999,0.589459,0.316137
43.382999,0.589163,0.316182
43.403999,0.588708,0.316052
43.403999,0.588477,0.315662
43.424999,0.588021,0.315533
43.424999,0.587565,0.315404
43.446999,0.587335,0.315011
43.446999,0.586878,0.314882
43.467999,0.586584,0.314929
43.467999,0.586110,0.314004
43.488998,0.585717,0.313435
43.488998,0.585441,0.314278
43.511002,0.584983,0.314151
43.511002,0.584232,0.314072
43.532001,0.583957,0.314914
43.532001,0.583206,0.314837
43.553001,0.582748,0.314712
43.575001,0.582062,0.314187
43.575001,0.581144,0.313939
43.596001,0.580374,0.313079
43.596001,0.579687,0.312554
43.617001,0.578851,0.312638
43.617001,0.577912,0.313729
43.639000,0.576721,0.314319
43.639000,0.575799,0.314076
43.639000,0.574779,0.314843
43.660000,0.573632,0.314187
43.681000,0.572441,0.314781
43.681000,0.571509,0.315849
43.702999,0.570382,0.315961
43.702999,0.569192,0.316552
43.723999,0.567602,0.316541
43.723999,0.566172,0.315928
43.744999,0.564581,0.315910
43.766998,0.563208,0.316331
43.766998,0.561779,0.315717
43.787998,0.560166,0.314934
43.787998,0.558510,0.315416
43.808998,0.556661,0.316205
43.808998,0.555068,0.316173
43.808998,0.553200,0.316198
43.831001,0.551392,0.315243
43.831001,0.549735,0.315731
43.852001,0.547845,0.315015
43.873001,0.546054,0.314804
43.873001,0.544103,0.314634
43.895000,0.542195,0.313511
43.895000,0.540627,0.314199
43.916000,0.538562,0.314058
43.916000,0.536730,0.314801
43.937000,0.534931,0.314580
43.937000,0.532806,0.314996
43.959000,0.531215,0.314938
43.959000,0.529091,0.315361
43.980000,0.527228,0.315715
43.980000,0.525579,0.316237
44.000999,0.523458,0.316678
44.000999,0.521654,0.316453
44.022999,0.519847,0.316224
44.022999,0.517728,0.316675
44.043999,0.515921,0.316443
44.064999,0.514144,0.316887
44.064999,0.512028,0.317342
44.087002,0.510220,0.317101
44.087002,0.508412,0.316855
44.108002,0.506301,0.317318
44.108002,0.504493,0.317070
44.129002,0.502087,0.316073
44.129002,0.500474,0.313149
44.151001,0.498709,0.315492
44.151001,0.496729,0.316623
44.172001,0.494716,0.316848
44.172001,0.492908,0.316580
44.193001,0.490803,0.316811
44.193001,0.488938,0.317202
44.215000,0.487515,0.317027
44.215000,0.485407,0.317276
44.236000,0.483601,0.317008
44.257000,0.481740,0.317412
44.257000,0.480161,0.317042
44.278999,0.478265,0.316843
44.278999,0.476684,0.316471
44.278999,0.475010,0.316183
44.299999,0.473207,0.315912
44.299999,0.471570,0.316229
44.320999,0.469933,0.316547
44.342999,0.468256,0.316282
44.342999,0.466457,0.316010
44.363998,0.464819,0.316334
44.363998,0.463194,0.315378
44.384998,0.461556,0.315705
44.384998,0.459917,0.316035
44.407001,0.458279,0.316366
44.407001,0.456396,0.314001
44.428001,0.454714,0.313784
44.449001,0.452957,0.315339
44.449001,0.451092,0.316083
44.449001,0.449548,0.316226
44.471001,0.447911,0.316556
44.471001,0.446183,0.317093
44.492001,0.444548,0.317432
44.492001,0.442864,0.318520
44.513000,0.441699,0.318881
44.535000,0.440109,0.319747
44.535000,0.438478,0.320089
44.556000,0.436994,0.319800
44.556000,0.435320,0.319637
44.577000,0.434156,0.319998
44.577000,0.432668,0.319726
44.598999,0.431087,0.319315
44.598999,0.429642,0.319548
44.619999,0.428479,0.318642
44.619999,0.426941,0.316635
44.640999,0.425907,0.313871
44.640999,0.424696,0.315012
44.662998,0.423117,0.315865
44.662998,0.422223,0.315799
44.683998,0.421105,0.315378
44.683998,0.419942,0.315734
44.705002,0.418856,0.315024
44.727001,0.417934,0.315040
44.727001,0.416895,0.314807
44.748001,0.416023,0.315290
44.748001,0.415370,0.316099
44.769001,0.414161,0.315999
44.769001,0.413169,0.316225
44.769001,0.412301,0.316701
44.791000,0.411259,0.316474
44.812000,0.410057,0.317628
44.812000,0.409356,0.317970
44.833000,0.408150,0.317883
44.833000,0.406993,0.318239
44.855000,0.405501,0.319283
44.855000,0.404505,0.319506
44.875999,0.403294,0.318191
44.875999,0.402240,0.316751
44.896999,0.401086,0.317111
44.918999,0.399901,0.319514
44.918999,0.398502,0.320179
44.939999,0.397512,0.321632
44.939999,0.396410,0.322396
44.939999,0.395262,0.322742
44.960999,0.394175,0.323367
44.960999,0.392979,0.323307
44.983002,0.391980,0.323521
45.004002,0.391281,0.323841
45.004002,0.390281,0.324051
45.025002,0.389088,0.323997
45.025002,0.388389,0.324313
45.047001,0.387340,0.324128
45.047001,0.386631,0.323219
45.068001,0.385933,0.323531
45.068001,0.384882,0.323350
45.089001,0.384173,0.322441
45.089001,0.383476,0.322750
45.111000,0.382728,0.322678
45.111000,0.381838,0.320313
45.132000,0.381434,0.319513
45.132000,0.380737,0.319818
45.153000,0.380137,0.320819
45.153000,0.379746,0.321225
45.174999,0.379088,0.320686
45.174999,0.378340,0.320616
45.195999,0.378033,0.320512
45.216999,0.377592,0.320548
45.216999,0.376978,0.320341
45.238998,0.376670,0.320238
45.238998,0.376229,0.320276
45.259998,0.375921,0.320174
45.259998,0.375790,0.320316
45.259998,0.375482,0.320213
45.280998,0.375173,0.320112
45.303001,0.375094,0.320612
45.303001,0.374786,0.320509
45.324001,0.374786,0.320509
45.324001,0.374786,0.320509
45.345001,0.374440,0.321253
45.345001,0.374462,0.319207
45.367001,0.374447,0.318009
45.388000,0.374823,0.319666
45.388000,0.374492,0.321609
45.409000,0.374543,0.321966
45.409000,0.374594,0.322324
45.431000,0.374557,0.323171
45.431000,0.374865,0.323274
45.431000,0.374814,0.322915
45.452000,0.375085,0.323864
45.452000,0.375393,0.323966
45.473000,0.375523,0.323828
45.494999,0.375831,0.323930
45.494999,0.376138,0.324033
45.515999,0.376445,0.324136
45.515999,0.376884,0.324101
45.536999,0.376847,0.324947
45.536999,0.377154,0.325050
45.558998,0.377593,0.325016
45.580002,0.377899,0.325120
45.580002,0.378339,0.325088
45.580002,0.378645,0.325192
45.601002,0.378672,0.323138
45.601002,0.379670,0.320553
45.623001,0.379948,0.322711
45.623001,0.380225,0.324873
45.644001,0.380569,0.324140
45.644001,0.380971,0.324953
45.665001,0.381620,0.324330
45.687000,0.382062,0.324305
45.687000,0.382720,0.324848
45.708000,0.383418,0.324550
45.708000,0.384420,0.324359
45.729000,0.385079,0.324892
45.729000,0.385777,0.324587
45.750999,0.386778,0.324388
45.750999,0.387827,0.324580
45.771999,0.388788,0.325211
45.771999,0.389932,0.324874
45.792999,0.390931,0.324669
45.792999,0.392077,0.324328
45.814999,0.393376,0.324229
45.814999,0.394215,0.322543
45.835999,0.396152,0.321465
45.835999,0.397166,0.323723
45.856998,0.398467,0.324860
45.879002,0.399617,0.324516
45.879002,0.400815,0.324597
45.900002,0.402107,0.324495
45.900002,0.403512,0.325076
45.900002,0.404912,0.324405
45.921001,0.406518,0.324039
45.921001,0.407924,0.324606
45.943001,0.409371,0.324365
45.964001,0.410818,0.324124
45.964001,0.412265,0.323882
45.985001,0.413878,0.323514
45.985001,0.415614,0.323389
46.007000,0.417230,0.323022
46.007000,0.418920,0.323689
46.028000,0.420538,0.323320
46.028000,0.421652,0.322478
46.049000,0.423730,0.318315
46.070999,0.425509,0.319935
46.070999,0.426999,0.322712
46.070999,0.428668,0.321577
46.091999,0.430156,0.321838
46.091999,0.431272,0.322246
46.112999,0.432853,0.322657
46.112999,0.434249,0.323182
46.134998,0.435876,0.322821
46.155998,0.437313,0.323855
46.155998,0.438895,0.324255
46.176998,0.440333,0.324010
46.176998,0.441915,0.324404
46.199001,0.443351,0.324156
46.199001,0.444974,0.325078
46.220001,0.446556,0.325465
46.220001,0.447942,0.325960
46.241001,0.449524,0.326338
46.241001,0.451106,0.326712
46.263000,0.452261,0.327616
46.263000,0.453883,0.328542
46.284000,0.454997,0.328889
46.284000,0.456414,0.329922
46.305000,0.457732,0.330155
46.305000,0.458883,0.331059
46.327000,0.459997,0.331391
46.348000,0.461614,0.332317
46.348000,0.462681,0.333366
46.368999,0.463830,0.334265
46.368999,0.464933,0.335887
46.390999,0.466466,0.336941
46.390999,0.467612,0.337836
46.390999,0.468678,0.338852
46.411999,0.469779,0.340459
46.411999,0.471136,0.341250
46.432999,0.472202,0.342246
46.455002,0.473345,0.343130
46.455002,0.474193,0.344604
46.476002,0.474868,0.345460
46.476002,0.475725,0.345606
46.497002,0.476399,0.346457
46.497002,0.477072,0.347308
46.519001,0.477290,0.347215
46.540001,0.477756,0.347240
46.540001,0.478004,0.347358
46.561001,0.478470,0.347383
46.561001,0.478437,0.346762
46.561001,0.478396,0.347467
46.583000,0.478396,0.347467
46.583000,0.478363,0.346846
46.604000,0.478363,0.346846
46.604000,0.477897,0.346823
46.625000,0.477857,0.347530
46.646999,0.477391,0.347509
46.646999,0.476925,0.347488
46.667999,0.476602,0.347465
46.667999,0.476136,0.347447
46.688999,0.475631,0.348142
46.688999,0.474950,0.348223
46.710999,0.474446,0.348923
46.710999,0.473730,0.348799
46.731998,0.472941,0.348786
46.731998,0.472263,0.348875
46.731998,0.471510,0.348153
46.731998,0.471008,0.348868
46.752998,0.470042,0.348257
46.752998,0.469324,0.348149
46.775002,0.468612,0.348977
46.775002,0.467821,0.349004
46.796001,0.466892,0.349011
46.817001,0.465964,0.349019
46.817001,0.464987,0.348824
46.839001,0.464024,0.349573
46.839001,0.463097,0.349591
46.860001,0.461915,0.350838
46.860001,0.461026,0.351442
46.860001,0.459639,0.351476
46.881001,0.458752,0.352078
46.903000,0.457605,0.352584
46.903000,0.456425,0.353840
46.924000,0.455240,0.353776
46.924000,0.453894,0.354389
46.945000,0.452324,0.355473
46.945000,0.450981,0.356081
46.966999,0.449569,0.356490
46.966999,0.447726,0.356145
46.987999,0.446119,0.356657
47.008999,0.444317,0.355956
47.008999,0.442442,0.356379
47.030998,0.440868,0.356109
47.030998,0.439022,0.355745
47.030998,0.437176,0.355374
47.051998,0.435335,0.356311
47.051998,0.433762,0.356016
47.073002,0.431774,0.356249
47.095001,0.430073,0.356540
47.095001,0.428502,0.356224
47.116001,0.426653,0.355816
47.116001,0.424805,0.355401
47.137001,0.423408,0.354958
47.137001,0.421840,0.354621
47.159000,0.420373,0.354493
47.159000,0.418974,0.354038
47.180000,0.417339,0.354029
47.180000,0.415910,0.354387
47.201000,0.414480,0.354743
47.201000,0.412562,0.354661
47.223000,0.411171,0.355480
47.223000,0.409542,0.355488
47.243999,0.408112,0.355842
47.243999,0.406682,0.356194
47.264999,0.405514,0.357462
47.286999,0.404308,0.358286
47.286999,0.403295,0.359446
47.307999,0.402091,0.360282
47.307999,0.401370,0.361524
47.328999,0.400915,0.363689
47.328999,0.400486,0.365009
47.351002,0.400509,0.367580
47.351002,0.400797,0.371082
47.372002,0.401661,0.374737
47.372002,0.402359,0.379080
47.393002,0.403630,0.383578
47.393002,0.405019,0.387542
47.415001,0.406694,0.391579
47.415001,0.408810,0.396921
47.436001,0.410898,0.401806
47.436001,0.413547,0.406811
47.457001,0.416034,0.413378
47.479000,0.418659,0.419205
47.479000,0.421153,0.425747
47.500000,0.424093,0.432265
47.500000,0.426884,0.437970
47.500000,0.429394,0.444450
47.521000,0.432166,0.450392
47.521000,0.434438,0.455110
47.542999,0.436962,0.460110
47.563999,0.438978,0.464763
47.563999,0.441084,0.469445
47.584999,0.442668,0.474082
47.584999,0.444257,0.478704
47.606998,0.445662,0.481940
47.606998,0.446816,0.484920
47.627998,0.447967,0.488124
47.627998,0.448867,0.491094
47.648998,0.450022,0.493465
47.671001,0.450922,0.495835
47.671001,0.451831,0.499003
47.671001,0.452548,0.501158
47.692001,0.453009,0.502943
47.692001,0.453735,0.505889
47.713001,0.454196,0.507456
47.713001,0.454653,0.508820
47.735001,0.454925,0.510391
47.756001,0.455391,0.512551
47.756001,0.455847,0.513311
47.777000,0.456313,0.514866
47.777000,0.456780,0.516417
47.799000,0.457055,0.517366
47.799000,0.457512,0.518116
47.820000,0.457718,0.518903
47.820000,0.457971,0.518864
47.841000,0.458415,0.518210
47.841000,0.458667,0.518171
47.862999,0.458861,0.518164
47.862999,0.459318,0.518297
47.883999,0.459570,0.518256
47.883999,0.460029,0.518996
47.904999,0.460500,0.519908
47.904999,0.460961,0.520642
47.926998,0.461672,0.521330
47.948002,0.462333,0.522670
47.948002,0.463045,0.523352
47.969002,0.463954,0.524024
47.969002,0.464666,0.524699
47.991001,0.465147,0.526822
47.991001,0.466077,0.528886
47.991001,0.467027,0.532350
48.012001,0.467511,0.535097
48.012001,0.468261,0.538555
48.033001,0.468949,0.541302
48.055000,0.469681,0.543351
48.055000,0.470147,0.545330
48.076000,0.470634,0.547436
48.076000,0.471102,0.548779
48.097000,0.471566,0.550760
48.097000,0.472030,0.552743
48.118999,0.472493,0.554727
48.139999,0.472938,0.555316
48.139999,0.473177,0.555890
48.160999,0.473622,0.556482
48.160999,0.473610,0.557765
48.160999,0.473618,0.559803
48.182999,0.473626,0.561839
48.182999,0.473831,0.564541
48.203999,0.473813,0.565824
48.203999,0.473816,0.567858
48.224998,0.473796,0.569138
48.247002,0.473741,0.570306
48.247002,0.473718,0.571585
48.268002,0.473448,0.572929
48.268002,0.473236,0.574917
48.289001,0.473222,0.575554
48.289001,0.472949,0.576893
48.311001,0.472934,0.577529
48.311001,0.472926,0.579552
48.332001,0.472425,0.581472
48.332001,0.472391,0.582739
48.353001,0.472353,0.582620
48.353001,0.472297,0.583133
48.375000,0.471993,0.583707
48.375000,0.471729,0.582775
48.396000,0.471691,0.582653
48.396000,0.471407,0.581201
48.417000,0.471389,0.580446
48.438999,0.471165,0.579632
48.438999,0.471619,0.578250
48.459999,0.471602,0.577494
48.459999,0.471850,0.576055
48.480999,0.471833,0.575299
48.480999,0.472023,0.574599
48.480999,0.472255,0.572404
48.502998,0.472259,0.569621
48.523998,0.472493,0.566034
48.523998,0.472934,0.562493
48.544998,0.473170,0.557506
48.544998,0.473407,0.552517
48.567001,0.473841,0.546805
48.567001,0.474082,0.539005
48.588001,0.474536,0.531983
48.588001,0.474988,0.526357
48.609001,0.475679,0.520708
48.631001,0.476131,0.515829
48.631001,0.476817,0.510177
48.652000,0.477468,0.503879
48.652000,0.478149,0.498223
48.652000,0.479034,0.493409
48.673000,0.479922,0.489153
48.673000,0.481046,0.486393
48.695000,0.481929,0.482878
48.716000,0.482818,0.480025
48.716000,0.483916,0.475737
48.737000,0.485033,0.472221
48.737000,0.486373,0.469348
48.758999,0.487488,0.467972
48.758999,0.488839,0.467915
48.779999,0.489962,0.467117
48.779999,0.491096,0.467096
48.800999,0.492442,0.465634
48.800999,0.493575,0.464128
48.823002,0.494709,0.461990
48.823002,0.496058,0.460541
48.844002,0.496956,0.459106
48.844002,0.498317,0.458360
48.865002,0.499216,0.456929
48.865002,0.500558,0.456191
48.887001,0.501457,0.454761
48.908001,0.502808,0.453322
48.908001,0.503936,0.451856
48.929001,0.504840,0.451836
48.929001,0.505962,0.450441
48.951000,0.507083,0.449665
48.951000,0.508205,0.448885
48.972000,0.509325,0.447493
48.972000,0.510448,0.446708
48.972000,0.511349,0.445285
48.993000,0.512470,0.443092
49.014999,0.513371,0.441672
49.014999,0.514261,0.440923
49.035999,0.515147,0.438772
49.035999,0.516035,0.438019
49.056999,0.516923,0.437263
49.056999,0.517581,0.435729
49.078999,0.518238,0.434190
49.099998,0.518673,0.433438
49.099998,0.519103,0.431289
49.120998,0.519099,0.429895
49.120998,0.519528,0.427749
49.120998,0.519306,0.424919
49.143002,0.519297,0.422137
49.143002,0.518852,0.418718
49.164001,0.518407,0.415302
49.164001,0.517750,0.411832
49.185001,0.516875,0.409156
49.207001,0.515979,0.405752
49.207001,0.515081,0.400972
49.228001,0.513968,0.397507
49.228001,0.512615,0.394117
49.249001,0.511263,0.392101
49.249001,0.509937,0.390791
49.271000,0.508587,0.390141
49.271000,0.506777,0.389495
49.292000,0.504992,0.388174
49.292000,0.503207,0.386844
49.313000,0.501421,0.385508
49.313000,0.499634,0.382799
49.334999,0.497616,0.381370
49.334999,0.495830,0.380014
49.355999,0.494045,0.380013
49.355999,0.492051,0.377864
49.376999,0.490266,0.377845
49.398998,0.488242,0.376376
49.398998,0.486456,0.374984
49.419998,0.484429,0.373503
49.419998,0.482861,0.372010
49.441002,0.480801,0.371234
49.441002,0.479015,0.369826
49.463001,0.477411,0.367693
49.463001,0.475377,0.366194
49.484001,0.473338,0.363349
49.484001,0.471477,0.361134
49.505001,0.469686,0.358385
49.505001,0.467817,0.356179
49.527000,0.466013,0.353835
49.527000,0.464431,0.352314
49.548000,0.462606,0.350314
49.548000,0.460731,0.349442
49.569000,0.459106,0.347344
49.591000,0.457521,0.345824
49.591000,0.456101,0.344934
49.612000,0.454472,0.342849
49.612000,0.452850,0.342081
49.612000,0.451227,0.341316
49.632999,0.449799,0.340432
49.632999,0.448175,0.339672
49.654999,0.447012,0.338883
49.675999,0.445546,0.338765
49.675999,0.444382,0.337978
49.696999,0.442996,0.338085
49.696999,0.441799,0.338070
49.719002,0.440648,0.338586
49.719002,0.439497,0.339101
49.740002,0.438347,0.339614
49.740002,0.437210,0.341424
49.761002,0.435921,0.342577
49.783001,0.434802,0.342300
49.783001,0.433696,0.343315
49.783001,0.432547,0.343813
49.804001,0.431441,0.344818
49.804001,0.430292,0.345310
49.825001,0.429156,0.347099
49.825001,0.428050,0.348088
49.847000,0.426769,0.349189
49.868000,0.425664,0.350164
49.868000,0.424529,0.351937
49.889000,0.423394,0.353707
49.889000,0.421977,0.355393
49.910999,0.420871,0.356346
49.910999,0.419736,0.358108
49.931999,0.418630,0.359048
49.931999,0.417496,0.360802
49.952999,0.416353,0.361252
49.952999,0.415256,0.363474
49.974998,0.413901,0.364778
49.974998,0.412606,0.366614
49.995998,0.411479,0.369644
49.995998,0.410094,0.371753
50.016998,0.409311,0.374479
50.016998,0.408365,0.376556
50.039001,0.407606,0.379723
50.060001,0.407024,0.384561
50.060001,0.406683,0.390336
50.081001,0.406317,0.397435
50.081001,0.406485,0.406048
50.103001,0.406507,0.415011
50.103001,0.406779,0.422299
50.103001,0.406796,0.427314
50.124001,0.407069,0.431963
50.145000,0.407220,0.434693
50.145000,0.407466,0.438888
50.167000,0.407694,0.442141
50.167000,0.407795,0.445764
50.188000,0.408015,0.449025
50.188000,0.408417,0.451419
50.209000,0.408629,0.454687
50.209000,0.408808,0.458346
50.230999,0.409108,0.462885
50.251999,0.409285,0.466548
50.251999,0.409585,0.471098
50.272999,0.409754,0.475242
50.272999,0.410119,0.477579
50.272999,0.410321,0.480374
50.294998,0.410686,0.482715
50.294998,0.411338,0.484663
50.316002,0.411549,0.486973
50.316002,0.412137,0.491139
50.337002,0.412754,0.494434
50.359001,0.413398,0.496859
50.359001,0.414042,0.499284
50.380001,0.414700,0.501215
50.380001,0.415344,0.503636
50.401001,0.416162,0.505609
50.401001,0.416808,0.508027
50.423000,0.417448,0.510807
50.423000,0.418529,0.513343
50.444000,0.419198,0.514896
50.444000,0.420137,0.516867
50.465000,0.420947,0.519333
50.465000,0.422030,0.521862
50.487000,0.422972,0.523813
50.487000,0.423785,0.526277
50.507999,0.424890,0.527949
50.507999,0.426017,0.529102
50.528999,0.427414,0.530305
50.550999,0.428520,0.531975
50.550999,0.429917,0.533168
50.571999,0.431023,0.534836
50.571999,0.432583,0.535794
50.592999,0.433745,0.535260
50.592999,0.435331,0.535685
50.592999,0.436742,0.536034
50.615002,0.438328,0.536456
50.636002,0.439901,0.537700
50.636002,0.441474,0.538938
50.657001,0.442858,0.539835
50.657001,0.444446,0.540249
50.679001,0.446049,0.539850
50.679001,0.447664,0.539689
50.700001,0.449499,0.540944
50.721001,0.451050,0.542732
50.721001,0.452616,0.544732
50.743000,0.454169,0.546512
50.743000,0.455913,0.548376
50.764000,0.457759,0.548799
50.764000,0.459341,0.549973
50.764000,0.461380,0.550471
50.785000,0.463196,0.550324
50.785000,0.465228,0.551585
50.806999,0.467070,0.551976
50.827999,0.469137,0.551823
50.827999,0.471170,0.553049
50.848999,0.473421,0.552832
50.848999,0.475490,0.552646
50.870998,0.477737,0.553178
50.870998,0.480046,0.552985
50.891998,0.482530,0.553669
50.912998,0.485021,0.554185
50.912998,0.487506,0.555424
50.912998,0.490209,0.556729
50.935001,0.492669,0.557892
50.935001,0.495374,0.559170
50.956001,0.498082,0.560428
50.956001,0.500764,0.561664
50.977001,0.503474,0.562892
50.977001,0.506386,0.564896
50.999001,0.509070,0.566119
51.020000,0.512017,0.567387
51.020000,0.514700,0.568600
51.041000,0.517378,0.571308
51.041000,0.520066,0.573174
51.063000,0.522752,0.575876
51.063000,0.525677,0.577171
51.084000,0.528120,0.579140
51.084000,0.530601,0.580991
51.105000,0.533324,0.582304
51.105000,0.535831,0.582755
51.126999,0.538127,0.585212
51.126999,0.540616,0.587010
51.147999,0.542909,0.588828
51.147999,0.544962,0.591128
51.168999,0.547230,0.593699
51.168999,0.549548,0.596058
51.191002,0.551578,0.599081
51.212002,0.553455,0.601346
51.212002,0.555305,0.604385
51.233002,0.557172,0.606056
51.233002,0.558797,0.608172
51.233002,0.560660,0.611164
51.255001,0.562291,0.613240
51.255001,0.563712,0.616169
51.276001,0.565138,0.619086
51.297001,0.566595,0.622519
51.297001,0.568059,0.625929
51.319000,0.569257,0.629220
51.319000,0.570251,0.633383
51.340000,0.571428,0.636121
51.340000,0.572467,0.639449
51.361000,0.573513,0.642761
51.361000,0.574496,0.646360
51.382999,0.575274,0.649544
51.403999,0.576266,0.653118
51.403999,0.577055,0.656270
51.403999,0.577850,0.659404
51.424999,0.578479,0.662645
51.424999,0.579274,0.664471
51.446999,0.580038,0.667084
51.446999,0.580717,0.669493
51.467999,0.581524,0.671287
51.488998,0.582011,0.673773
51.488998,0.582705,0.676149
51.511002,0.583522,0.677911
51.511002,0.584174,0.679806
51.532001,0.584652,0.681003
51.532001,0.585289,0.681637
51.553001,0.585769,0.682826
51.553001,0.586116,0.683366
51.575001,0.586653,0.684997
51.575001,0.586970,0.686326
51.596001,0.587346,0.688098
51.596001,0.587371,0.689335
51.617001,0.587666,0.689422
51.617001,0.587692,0.690657
51.639000,0.587397,0.690570
51.639000,0.587291,0.691171
51.660000,0.586996,0.691084
51.681000,0.586503,0.691944
51.681000,0.586563,0.692388
51.702999,0.586069,0.693247
51.702999,0.585372,0.693674
51.723999,0.584911,0.693744
51.723999,0.584155,0.693723
51.723999,0.583399,0.693700
51.744999,0.582240,0.694195
51.766998,0.581021,0.694234
51.766998,0.579974,0.694112
51.787998,0.578350,0.694666
51.787998,0.577224,0.694386
51.808998,0.575425,0.694219
51.808998,0.573834,0.694001
51.831001,0.571861,0.693974
51.831001,0.569982,0.693656
51.852001,0.568048,0.692851
51.873001,0.565665,0.693338
51.873001,0.563733,0.692519
51.895000,0.561389,0.692241
51.895000,0.558951,0.692197
51.895000,0.556609,0.691908
51.916000,0.554031,0.692502
51.916000,0.551414,0.692097
51.937000,0.548832,0.692673
51.959000,0.546019,0.692398
51.959000,0.543207,0.692119
51.980000,0.540146,0.692687
51.980000,0.537386,0.692953
52.000999,0.534366,0.692795
52.000999,0.531558,0.692494
52.022999,0.528538,0.692322
52.022999,0.525565,0.692730
52.043999,0.522544,0.692550
52.043999,0.519092,0.691687
52.064999,0.516073,0.691494
52.064999,0.513103,0.690629
52.087002,0.509904,0.689892
52.087002,0.506695,0.688904
52.108002,0.503545,0.688807
52.108002,0.500397,0.687441
52.129002,0.497202,0.686726
52.129002,0.494057,0.685383
52.151001,0.490913,0.684055
52.172001,0.487772,0.682744
52.172001,0.484635,0.681449
52.193001,0.481500,0.680173
52.193001,0.478371,0.678915
52.215000,0.475424,0.677107
52.215000,0.472046,0.675990
52.215000,0.469102,0.674200
52.236000,0.465691,0.672396
52.257000,0.462510,0.669770
52.257000,0.459352,0.668835
52.278999,0.456157,0.667182
52.278999,0.452801,0.666160
52.299999,0.449645,0.665287
52.299999,0.446536,0.663898
52.320999,0.443427,0.662546
52.320999,0.440508,0.661355
52.342999,0.437401,0.660081
52.363998,0.434472,0.660261
52.363998,0.431550,0.659185
52.384998,0.428584,0.658648
52.384998,0.425908,0.656751
52.384998,0.422945,0.656270
52.407001,0.420233,0.654914
52.407001,0.417441,0.654600
52.428001,0.414934,0.654216
52.449001,0.412139,0.653956
52.449001,0.409597,0.652804
52.471001,0.407050,0.652948
52.471001,0.404544,0.652663
52.492001,0.402154,0.652957
52.492001,0.399576,0.652315
52.513000,0.397512,0.653376
52.513000,0.395119,0.653715
52.535000,0.392725,0.654068
52.535000,0.390329,0.654437
52.556000,0.387757,0.653853
52.556000,0.385362,0.654248
52.577000,0.382932,0.653802
52.577000,0.380192,0.654701
52.598999,0.377450,0.655599
52.598999,0.374577,0.656374
52.619999,0.371526,0.657363
52.640999,0.368734,0.658603
52.640999,0.365400,0.660540
52.662998,0.362322,0.662712
52.662998,0.358943,0.663761
52.683998,0.355431,0.665849
52.683998,0.352045,0.666870
52.705002,0.348575,0.667287
52.705002,0.344814,0.668632
52.727001,0.341337,0.668976
52.727001,0.337513,0.670502
52.748001,0.333713,0.670830
52.748001,0.329834,0.670452
52.769001,0.326034,0.670677
52.769001,0.322292,0.670110
52.791000,0.318113,0.670497
52.791000,0.314386,0.670729
52.812000,0.310615,0.672003
52.833000,0.306496,0.672345
52.833000,0.302375,0.672612
52.855000,0.298631,0.671720
52.855000,0.294182,0.671875
52.855000,0.290058,0.671009
52.875999,0.285343,0.670908
52.875999,0.280996,0.670893
52.896999,0.276703,0.669821
52.918999,0.272023,0.669703
52.918999,0.267734,0.669472
52.939999,0.263390,0.669246
52.939999,0.258727,0.669113
52.960999,0.253992,0.669687
52.960999,0.249661,0.669430
52.983002,0.245274,0.669098
52.983002,0.240958,0.667787
53.004002,0.236246,0.666497
53.025002,0.231874,0.665925
53.025002,0.227430,0.665356
53.025002,0.223098,0.664848
53.047001,0.218715,0.664185
53.047001,0.214338,0.663441
53.068001,0.209924,0.662765
53.068001,0.205835,0.661794
53.089001,0.201456,0.660024
53.111000,0.197330,0.659014
53.111000,0.193259,0.658084
53.132000,0.189550,0.656259
53.132000,0.185768,0.655092
53.153000,0.182154,0.652433
53.153000,0.178506,0.649522
53.174999,0.174832,0.647472
53.174999,0.171249,0.644701
53.195999,0.167826,0.642785
53.195999,0.164144,0.641504
53.216999,0.160769,0.639761
53.216999,0.157728,0.638629
53.238998,0.154320,0.637728
53.238998,0.151223,0.636922
53.259998,0.148094,0.635779
53.259998,0.145032,0.635232
53.280998,0.142403,0.633496
53.303001,0.139664,0.631838
53.303001,0.137378,0.630551
53.324001,0.134672,0.629222
53.324001,0.132647,0.628959
53.345001,0.130595,0.628337
53.345001,0.128572,0.628072
53.345001,0.126424,0.627888
53.367001,0.124421,0.626370
53.367001,0.122672,0.625856
53.388000,0.120674,0.624327
53.409000,0.118999,0.623322
53.409000,0.117300,0.621924
53.431000,0.115625,0.620926
53.431000,0.113906,0.620802
53.452000,0.111733,0.620202
53.452000,0.110060,0.619215
53.473000,0.108409,0.618659
53.494999,0.106692,0.618550
53.494999,0.105042,0.618020
53.515999,0.103660,0.617200
53.515999,0.102233,0.617241
53.515999,0.100827,0.617729
53.536999,0.099464,0.617376
53.536999,0.098037,0.617435
53.558998,0.096826,0.617043
53.558998,0.095748,0.616852
53.580002,0.094363,0.616088
53.601002,0.093134,0.615269
53.601002,0.092013,0.614175
53.623001,0.090669,0.612586
53.623001,0.089765,0.611068
53.644001,0.088402,0.609019
53.644001,0.087518,0.606196
53.665001,0.086193,0.603312
53.665001,0.085351,0.597839
53.687000,0.084232,0.592246
53.687000,0.083263,0.585950
53.708000,0.082168,0.579003
53.708000,0.081390,0.571803
53.729000,0.080630,0.563244
53.729000,0.079865,0.554672
53.750999,0.079121,0.545751
53.750999,0.078659,0.536051
53.771999,0.077885,0.526613
53.792999,0.077550,0.516920
53.792999,0.077286,0.508124
53.814999,0.076922,0.497933
53.814999,0.076908,0.488322
53.835999,0.077061,0.477371
53.835999,0.077216,0.465063
53.835999,0.077619,0.453645
53.856998,0.078008,0.441393
53.879002,0.078841,0.427896
53.879002,0.079942,0.416139
53.900002,0.081123,0.404805
53.900002,0.082666,0.394056
53.921001,0.084013,0.383738
53.921001,0.085697,0.373798
53.943001,0.087351,0.364373
53.943001,0.088739,0.355863
53.964001,0.090462,0.346089
53.985001,0.092165,0.337651
53.985001,0.093661,0.329704
54.007000,0.095055,0.322677
54.007000,0.096323,0.316338
54.007000,0.097736,0.309397
54.028000,0.098985,0.301525
54.028000,0.100527,0.292855
54.049000,0.102332,0.284848
54.070999,0.104031,0.277515
54.070999,0.105359,0.270682
54.091999,0.106410,0.264741
54.091999,0.107815,0.259560
54.112999,0.109214,0.253657
54.112999,0.110279,0.248062
54.134998,0.111511,0.242742
54.134998,0.112290,0.237310
54.155998,0.113484,0.233174
54.155998,0.114255,0.229452
54.176998,0.114807,0.226573
54.176998,0.115616,0.223627
54.199001,0.116457,0.221430
54.199001,0.116800,0.218334
54.220001,0.117745,0.215141
54.220001,0.118075,0.211365
54.241001,0.118388,0.207072
54.263000,0.119051,0.202591
54.263000,0.119721,0.198149
54.284000,0.120271,0.194026
54.284000,0.120795,0.189248
54.305000,0.121425,0.183570
54.305000,0.122311,0.178316
54.327000,0.123147,0.171799
54.327000,0.124324,0.166037
54.348000,0.125228,0.160347
54.348000,0.126708,0.155572
54.368999,0.128050,0.151092
54.368999,0.129192,0.146501
54.390999,0.130610,0.142743
54.390999,0.131474,0.139294
54.411999,0.132704,0.136532
54.411999,0.134788,0.139160
54.432999,0.136719,0.141539
54.455002,0.138178,0.141934
54.455002,0.139700,0.140791
54.476002,0.141443,0.138410
54.476002,0.142408,0.137541
54.476002,0.143922,0.135262
54.497002,0.145270,0.130691
54.497002,0.146881,0.127181
54.519001,0.148180,0.123313
54.540001,0.149501,0.119217
54.540001,0.151089,0.115325
54.561001,0.153076,0.112448
54.561001,0.154437,0.109779
54.583000,0.156025,0.106721
54.583000,0.157325,0.105059
54.604000,0.158312,0.103032
54.604000,0.159095,0.100920
54.625000,0.160496,0.098432
54.646999,0.161677,0.095586
54.646999,0.162261,0.093172
54.646999,0.163342,0.091277
54.667999,0.163922,0.090101
54.667999,0.164545,0.088247
54.688999,0.165080,0.086144
54.688999,0.165726,0.084332
54.710999,0.166383,0.082540
54.731998,0.166671,0.080594
54.731998,0.167559,0.078463
54.752998,0.167660,0.076906
54.752998,0.168070,0.075701
54.775002,0.168680,0.074161
54.775002,0.168879,0.073344
54.796001,0.168968,0.071833
54.796001,0.169064,0.070771
54.817001,0.169157,0.069716
54.817001,0.169347,0.068922
54.839001,0.169217,0.068212
54.839001,0.169940,0.067414
54.860001,0.170342,0.066698
54.860001,0.171084,0.066327
54.881001,0.171286,0.065970
54.881001,0.172031,0.065601
54.903000,0.172876,0.065484
54.924000,0.173939,0.065429
54.924000,0.175016,0.065794
54.945000,0.176405,0.065667
54.945000,0.177259,0.065972
54.966999,0.178560,0.065596
54.966999,0.179412,0.065902
54.966999,0.180806,0.066205
54.987999,0.182275,0.066765
54.987999,0.183338,0.067563
55.008999,0.185330,0.068133
55.030998,0.186701,0.068452
55.030998,0.188069,0.068775
55.051998,0.189961,0.069545
55.051998,0.191632,0.069830
55.073002,0.193575,0.070438
55.073002,0.194919,0.070782
55.095001,0.196771,0.071590
55.116001,0.198681,0.072223
55.116001,0.200204,0.073089
55.137001,0.202090,0.073736
55.137001,0.203930,0.074847
55.137001,0.205425,0.075737
55.159000,0.207460,0.076928
55.159000,0.208988,0.078360
55.180000,0.210988,0.079576
55.180000,0.212929,0.081279
55.201000,0.214388,0.082481
55.223000,0.216294,0.084219
55.223000,0.218497,0.085478
55.243999,0.220861,0.087573
55.243999,0.222876,0.089933
55.264999,0.225179,0.092085
55.264999,0.227090,0.095293
55.286999,0.228801,0.097967
55.286999,0.230899,0.101273
55.307999,0.233022,0.104090
55.307999,0.235054,0.107493
55.328999,0.237288,0.111005
55.328999,0.239493,0.114567
55.351002,0.241588,0.119027
55.351002,0.243238,0.123197
55.372002,0.245473,0.127816
55.372002,0.247630,0.132846
55.393002,0.249332,0.137869
55.415001,0.251701,0.142754
55.415001,0.253595,0.147976
55.436001,0.255941,0.152715
55.436001,0.258195,0.158176
55.457001,0.260426,0.163707
55.457001,0.262634,0.169304
55.457001,0.264897,0.175738
55.479000,0.266654,0.181815
55.500000,0.268803,0.187613
55.500000,0.270873,0.194198
55.521000,0.273344,0.200730
55.521000,0.275382,0.207446
55.542999,0.277819,0.214110
55.542999,0.280346,0.220942
55.563999,0.282282,0.228612
55.563999,0.284615,0.236253
55.584999,0.286938,0.243955
55.606998,0.288959,0.251375
55.606998,0.291407,0.258492
55.627998,0.293420,0.266015
55.627998,0.295790,0.274053
55.627998,0.297871,0.281818
55.648998,0.300163,0.290466
55.648998,0.302774,0.298243
55.671001,0.305070,0.306949
55.692001,0.307426,0.315860
55.692001,0.309521,0.324531
55.713001,0.311988,0.332459
55.713001,0.314454,0.340403
55.735001,0.316558,0.349152
55.735001,0.319027,0.357112
55.756001,0.321459,0.365990
55.756001,0.323729,0.373956
55.777000,0.325916,0.383197
55.777000,0.328189,0.391188
55.799000,0.330812,0.398345
55.799000,0.333091,0.406328
55.820000,0.335408,0.413359
55.820000,0.337786,0.421259
55.841000,0.340113,0.428254
55.841000,0.342535,0.435179
55.862999,0.344967,0.442083
55.883999,0.347440,0.448318
55.883999,0.349613,0.454464
55.904999,0.352087,0.460354
55.904999,0.354270,0.466462
55.926998,0.356776,0.471346
55.926998,0.359007,0.475528
55.948002,0.361330,0.480287
55.948002,0.363865,0.484482
55.948002,0.366199,0.489539
55.969002,0.368128,0.494516
55.991001,0.370188,0.498927
55.991001,0.372120,0.504241
56.012001,0.374053,0.509540
56.012001,0.376101,0.515235
56.033001,0.377746,0.519940
56.033001,0.379821,0.524323
56.055000,0.381900,0.528696
56.076000,0.384169,0.531721
56.076000,0.386256,0.536060
56.097000,0.388346,0.540385
56.097000,0.390140,0.544198
56.097000,0.392244,0.547604
56.118999,0.394355,0.550106
56.118999,0.396181,0.552588
56.139999,0.398317,0.554636
56.139999,0.400455,0.556665
56.160999,0.402573,0.559131
56.182999,0.404975,0.561593
56.182999,0.407269,0.562773
56.203999,0.409390,0.564342
56.203999,0.411690,0.565505
56.224998,0.413581,0.565236
56.224998,0.415727,0.566298
56.247002,0.417618,0.566002
56.268002,0.419762,0.566184
56.268002,0.421793,0.566440
56.268002,0.423938,0.567456
56.289001,0.425830,0.567110
56.289001,0.427717,0.565909
56.311001,0.429606,0.565537
56.311001,0.431491,0.564316
56.332001,0.433548,0.563154
56.332001,0.435436,0.562744
56.353001,0.437317,0.561495
56.375000,0.439192,0.559417
56.375000,0.441070,0.558157
56.396000,0.442674,0.555271
56.396000,0.444301,0.552633
56.417000,0.445725,0.550504
56.417000,0.447316,0.549006
56.438999,0.448924,0.546935
56.438999,0.450518,0.546254
56.459999,0.451937,0.544135
56.459999,0.453529,0.542660
56.480999,0.455138,0.541394
56.480999,0.456745,0.539330
56.502998,0.458338,0.538664
56.502998,0.459931,0.537214
56.523998,0.461524,0.536559
56.523998,0.462866,0.535909
56.544998,0.464460,0.535263
56.567001,0.465605,0.534575
56.567001,0.467198,0.533937
56.588001,0.468543,0.534074
56.588001,0.469889,0.533441
56.588001,0.471277,0.533534
56.609001,0.472624,0.532907
56.609001,0.473765,0.533000
56.631001,0.474870,0.533135
56.652000,0.476011,0.532469
56.652000,0.477151,0.532562
56.673000,0.478259,0.533449
56.673000,0.479399,0.533538
56.695000,0.480284,0.535032
56.695000,0.481185,0.535866
56.716000,0.482309,0.536612
56.716000,0.483194,0.537364
56.737000,0.484309,0.538240
56.758999,0.484996,0.538278
56.758999,0.485899,0.539099
56.758999,0.486571,0.540541
56.779999,0.487222,0.541306
56.779999,0.487877,0.543422
56.800999,0.488311,0.544141
56.800999,0.488497,0.546276
56.823002,0.488930,0.546998
56.844002,0.488891,0.547624
56.844002,0.488891,0.547624
56.865002,0.488870,0.547573
56.865002,0.488849,0.547521
56.887001,0.488830,0.548197
56.887001,0.488594,0.547474
56.908001,0.488358,0.548089
56.908001,0.487886,0.547976
56.929001,0.487651,0.547979
56.929001,0.487434,0.547186
56.951000,0.487179,0.547861
56.951000,0.486728,0.547799
56.972000,0.486728,0.547799
56.972000,0.486277,0.547738
56.993000,0.486277,0.547738
56.993000,0.486277,0.547738
57.014999,0.486277,0.547738
57.035999,0.486277,0.547738
57.035999,0.486277,0.547738
57.056999,0.486277,0.547738
57.056999,0.486277,0.547738
57.078999,0.485827,0.548411
57.078999,0.485828,0.549145
57.078999,0.485829,0.549879
57.099998,0.485831,0.550613
57.120998,0.485858,0.552146
57.120998,0.485433,0.552893
57.143002,0.485440,0.554361
57.143002,0.485424,0.555762
57.164001,0.485408,0.557163
57.164001,0.485171,0.557177
57.185001,0.485155,0.558577
57.185001,0.485138,0.559977
57.207001,0.485117,0.560642
57.228001,0.485359,0.561359
57.228001,0.485558,0.562825
57.249001,0.486010,0.562876
57.249001,0.486246,0.562858
57.249001,0.486704,0.563637
57.271000,0.487178,0.563017
57.271000,0.487652,0.562394
57.292000,0.488111,0.563167
57.313000,0.488591,0.563265
57.313000,0.489072,0.563359
57.334999,0.489532,0.564123
57.334999,0.489775,0.564821
57.355999,0.490002,0.565607
57.355999,0.490235,0.565580
57.376999,0.490484,0.565689
57.376999,0.490493,0.566409
57.398998,0.490503,0.567130
57.398998,0.490513,0.567850
57.419998,0.490513,0.567850
57.419998,0.490523,0.568571
57.441002,0.490090,0.567863
57.441002,0.490121,0.567909
57.463001,0.490110,0.567188
57.463001,0.489677,0.566483
57.484001,0.489224,0.566454
57.484001,0.489026,0.565719
57.505001,0.488349,0.566448
57.527000,0.487926,0.566475
57.527000,0.487473,0.566449
57.548000,0.486598,0.566456
57.548000,0.485704,0.567136
57.569000,0.484799,0.567087
57.569000,0.483686,0.567144
57.569000,0.482572,0.567209
57.591000,0.481233,0.566484
57.612000,0.479906,0.566507
57.612000,0.478127,0.566519
57.632999,0.476089,0.567223
57.632999,0.474324,0.568008
57.654999,0.472058,0.568130
57.654999,0.470048,0.568988
57.675999,0.467823,0.569045
57.696999,0.465565,0.569981
57.696999,0.463339,0.571454
57.719002,0.461080,0.572427
57.719002,0.458800,0.574024
57.719002,0.456618,0.574335
57.740002,0.454357,0.575370
57.740002,0.452356,0.574999
57.761002,0.450111,0.576873
57.761002,0.447850,0.577974
57.783001,0.446036,0.579098
57.804001,0.444055,0.580988
57.804001,0.442241,0.582149
57.825001,0.440161,0.583387
57.825001,0.438186,0.585337
57.847000,0.436620,0.587033
57.847000,0.435212,0.587977
57.868000,0.433802,0.588923
57.889000,0.432258,0.590097
57.889000,0.431118,0.590986
57.889000,0.429999,0.591351
57.910999,0.429054,0.593137
57.910999,0.427914,0.594034
57.931999,0.427196,0.595449
57.931999,0.426500,0.596346
57.952999,0.425758,0.596927
57.952999,0.425039,0.596992
57.974998,0.424595,0.596989
57.995998,0.423875,0.597052
57.995998,0.423454,0.597881
58.016998,0.423200,0.598782
58.016998,0.422779,0.599612
58.039001,0.422803,0.599107
58.039001,0.422803,0.599107
58.060001,0.422780,0.598273
58.060001,0.422804,0.597767
58.081001,0.422781,0.596932
58.081001,0.423035,0.596030
58.103001,0.423180,0.595264
58.103001,0.423479,0.594689
58.124001,0.423776,0.595455
58.124001,0.424220,0.595456
58.145000,0.424664,0.595455
58.145000,0.424961,0.594874
58.167000,0.425405,0.594872
58.188000,0.425678,0.593458
58.188000,0.426122,0.593454
58.209000,0.426373,0.592555
58.209000,0.426544,0.592620
58.209000,0.426795,0.591721
58.230999,0.427068,0.591653
58.230999,0.427217,0.590887
58.251999,0.427488,0.589470
58.272999,0.427760,0.588052
58.272999,0.427738,0.587222
58.294998,0.428180,0.585864
58.294998,0.428177,0.584511
58.316002,0.428156,0.583679
58.316002,0.428426,0.582260
58.337002,0.428677,0.581366
58.337002,0.428846,0.580064
58.359001,0.429097,0.579171
58.380001,0.429538,0.577803
58.380001,0.429789,0.576911
58.380001,0.430463,0.575181
58.401001,0.430888,0.574342
58.401001,0.431117,0.571261
58.423000,0.431809,0.569001
58.423000,0.432500,0.566741
58.444000,0.433634,0.564469
58.465000,0.434325,0.562207
58.465000,0.435178,0.560529
58.487000,0.436120,0.557392
58.487000,0.437224,0.553469
58.507999,0.437901,0.550385
58.507999,0.439010,0.546468
58.528999,0.439949,0.541969
58.528999,0.441073,0.538882
58.550999,0.442203,0.535232
58.550999,0.443322,0.532718
58.571999,0.444884,0.528814
58.571999,0.446265,0.524905
58.592999,0.447391,0.522424
58.592999,0.448523,0.519371
58.615002,0.449401,0.517736
58.615002,0.450535,0.516679
58.636002,0.451674,0.516442
58.657001,0.452813,0.514816
58.657001,0.453700,0.514011
58.679001,0.454840,0.512398
58.679001,0.455727,0.510801
58.700001,0.456424,0.509999
58.700001,0.456871,0.510001
58.700001,0.457568,0.509202
58.721001,0.458010,0.509018
58.721001,0.458710,0.507617
58.743000,0.459156,0.506830
58.764000,0.459601,0.506043
58.764000,0.460301,0.504645
58.785000,0.460747,0.504649
58.785000,0.461194,0.503866
58.806999,0.461641,0.503085
58.806999,0.462338,0.503092
58.827999,0.462787,0.501694
58.848999,0.463683,0.500300
58.848999,0.464130,0.500305
58.870998,0.464828,0.498908
58.870998,0.465722,0.498917
58.870998,0.466866,0.498153
58.891998,0.467765,0.497246
58.891998,0.469111,0.496498
58.912998,0.470707,0.494356
58.935001,0.471854,0.492851
58.935001,0.473207,0.490712
58.956001,0.474562,0.488576
58.956001,0.475706,0.487207
58.977001,0.477058,0.486488
58.977001,0.478202,0.485778
58.999001,0.479562,0.484320
58.999001,0.480705,0.483625
59.020000,0.481822,0.482244
59.020000,0.482966,0.482225
59.041000,0.483873,0.481523
59.041000,0.484781,0.480824
59.063000,0.485687,0.479456
59.063000,0.486596,0.478763
59.084000,0.487496,0.478808
59.084000,0.488648,0.477420
59.105000,0.489540,0.478881
59.126999,0.490890,0.478956
59.126999,0.491791,0.479007
59.147999,0.492701,0.479026
59.147999,0.493831,0.478418
59.168999,0.495191,0.477783
59.168999,0.496755,0.478579
59.191002,0.498324,0.479400
59.191002,0.500125,0.480214
59.191002,0.501926,0.480326
59.212002,0.503735,0.479743
59.233002,0.505324,0.479857
59.233002,0.507134,0.480018
59.255001,0.508924,0.481567
59.255001,0.510722,0.482435
59.276001,0.512741,0.484732
59.276001,0.514752,0.485645
59.297001,0.516785,0.485807
59.297001,0.518817,0.486717
59.319000,0.520849,0.487638
59.340000,0.522650,0.487901
59.340000,0.524687,0.488085
59.361000,0.526467,0.489664
59.361000,0.528504,0.489849
59.361000,0.530080,0.491401
59.382999,0.532110,0.492219
59.382999,0.533895,0.493162
59.403999,0.535720,0.494731
59.424999,0.537508,0.494897
59.424999,0.539086,0.496445
59.446999,0.540676,0.496589
59.446999,0.542261,0.497341
59.467999,0.543852,0.497482
59.467999,0.545438,0.498222
59.488998,0.547023,0.498955
59.488998,0.548610,0.499679
59.511002,0.550201,0.499808
59.511002,0.551798,0.499125
59.532001,0.553384,0.499830
59.532001,0.554527,0.500494
59.553001,0.556117,0.500612
59.553001,0.557526,0.500717
59.575001,0.558856,0.500555
59.575001,0.560272,0.499826
59.596001,0.561862,0.499934
59.617001,0.563462,0.498376
59.617001,0.565051,0.498192
59.639000,0.566469,0.497438
59.639000,0.568325,0.497245
59.660000,0.570185,0.496500
59.660000,0.571772,0.496269
59.681000,0.573634,0.494657
59.681000,0.575501,0.492512
59.702999,0.577362,0.490881
59.702999,0.578954,0.488723
59.723999,0.580817,0.487431
59.723999,0.582682,0.485281
59.744999,0.584546,0.483131
59.744999,0.586680,0.481474
59.766998,0.588537,0.479804
59.766998,0.590392,0.478126
59.787998,0.592382,0.475936
59.808998,0.594237,0.474243
59.808998,0.596373,0.473423
59.831001,0.598235,0.471258
59.831001,0.600371,0.470434
59.831001,0.602506,0.468713
59.852001,0.604644,0.468775
59.852001,0.606493,0.467947
59.873001,0.608491,0.467077
59.895000,0.610639,0.465815
59.895000,0.612774,0.464980
59.916000,0.614487,0.464112
59.916000,0.616613,0.464588
59.937000,0.618621,0.464620
59.937000,0.620476,0.464302
59.959000,0.622192,0.464350
59.959000,0.623909,0.464400
59.980000,0.625614,0.464831
60.000999,0.627331,0.464880
60.000999,0.628741,0.465305
60.000999,0.630045,0.466250
60.022999,0.631454,0.466667
60.022999,0.632759,0.466684
60.043999,0.633881,0.467672
60.043999,0.635186,0.467694
60.064999,0.636184,0.469003
60.087002,0.637601,0.469056
60.087002,0.638908,0.469079
60.108002,0.639906,0.470382
60.108002,0.641321,0.470436
60.129002,0.642329,0.471403
60.129002,0.643647,0.471102
60.151001,0.644655,0.472077
60.151001,0.645663,0.472110
60.172001,0.646680,0.472771
60.172001,0.648091,0.472841
60.193001,0.649098,0.472880
60.193001,0.650105,0.472919
60.215000,0.651414,0.473912
60.215000,0.652422,0.473954
60.236000,0.653429,0.473995
60.236000,0.654427,0.474332
60.257000,0.655434,0.474372
60.278999,0.656441,0.474412
60.278999,0.657051,0.474421
60.299999,0.658049,0.474746
60.299999,0.658445,0.474777
60.320999,0.659056,0.474784
60.320999,0.659353,0.475068
60.320999,0.659748,0.475098
60.342999,0.660054,0.475101
60.363998,0.660045,0.476338
60.363998,0.659731,0.476615
60.384998,0.659723,0.477852
60.384998,0.659327,0.478786
60.407001,0.658708,0.480023
60.407001,0.657993,0.482483
60.428001,0.657377,0.483725
60.428001,0.656365,0.484952
60.449001,0.655354,0.487140
60.471001,0.654647,0.489331
60.471001,0.653330,0.490869
60.492001,0.652321,0.493070
60.492001,0.651009,0.495274
60.492001,0.649697,0.497789
60.513000,0.648289,0.500000
60.513000,0.646980,0.502214
60.535000,0.645672,0.504430
60.535000,0.644265,0.506033
60.556000,0.642662,0.509530
60.577000,0.641253,0.511768
60.577000,0.639547,0.514348
60.598999,0.637842,0.516941
60.598999,0.635840,0.520480
60.619999,0.634146,0.523449
60.619999,0.632447,0.527009
60.640999,0.630758,0.530010
60.640999,0.628766,0.532659
60.662998,0.626656,0.536276
60.662998,0.624544,0.539900
60.683998,0.622431,0.543530
60.683998,0.620149,0.547110
60.705002,0.617614,0.550788
60.705002,0.615498,0.554425
60.727001,0.613104,0.559365
60.727001,0.610560,0.563052
60.748001,0.608171,0.567098
60.769001,0.605673,0.570762
60.769001,0.603152,0.574019
60.791000,0.601088,0.577676
60.791000,0.598600,0.580543
60.812000,0.596119,0.582575
60.812000,0.593612,0.584189
60.812000,0.591105,0.585832
60.833000,0.588570,0.587031
60.855000,0.586040,0.587391
60.855000,0.583479,0.587288
60.875999,0.580890,0.586700
60.875999,0.578583,0.585282
60.896999,0.575994,0.584693
60.896999,0.573407,0.584101
60.918999,0.571094,0.583523
60.918999,0.568539,0.583455
60.939999,0.565787,0.582127
60.960999,0.563502,0.582095
60.960999,0.560917,0.582326
60.983002,0.558182,0.583187
60.983002,0.555710,0.584070
60.983002,0.553157,0.584846
61.004002,0.550688,0.584937
61.004002,0.548211,0.585831
61.025002,0.545959,0.586435
61.047001,0.543222,0.587322
61.047001,0.540742,0.588232
61.068001,0.538259,0.589145
61.068001,0.535784,0.589290
61.089001,0.533300,0.590210
61.089001,0.530815,0.591130
61.111000,0.528340,0.591299
61.111000,0.525864,0.591477
61.132000,0.523348,0.591773
61.132000,0.520843,0.591320
61.153000,0.518115,0.591691
61.153000,0.515611,0.591230
61.174999,0.513109,0.590768
61.174999,0.510626,0.590430
61.195999,0.508156,0.590639
61.195999,0.505669,0.589475
61.216999,0.503180,0.589147
61.238998,0.500715,0.589382
61.238998,0.498241,0.590445
61.259998,0.495508,0.590772
61.259998,0.492586,0.591203
61.280998,0.489882,0.592226
61.280998,0.486987,0.593388
61.303001,0.484284,0.594416
61.303001,0.481358,0.594881
61.324001,0.478872,0.595952
61.324001,0.475944,0.596429
61.345001,0.473210,0.597594
61.345001,0.470512,0.598615
61.367001,0.468039,0.599061
61.367001,0.465285,0.598853
61.388000,0.463234,0.598508
61.388000,0.460748,0.597605
61.409000,0.458460,0.596763
61.431000,0.456202,0.596708
61.431000,0.454152,0.596388
61.452000,0.451667,0.597478
61.452000,0.449794,0.597788
61.452000,0.447729,0.598039
61.473000,0.445421,0.597807
61.473000,0.443328,0.597248
61.494999,0.440991,0.596207
61.515999,0.438903,0.595620
61.515999,0.436550,0.595104
61.536999,0.434672,0.595358
61.536999,0.432338,0.594280
61.558998,0.430478,0.593993
61.558998,0.428145,0.592909
61.580002,0.426285,0.592625
61.580002,0.424398,0.591512
61.601002,0.422512,0.590395
61.623001,0.420626,0.589276
61.623001,0.418559,0.588596
61.623001,0.416695,0.586974
61.644001,0.414806,0.584509
61.644001,0.412895,0.581189
61.665001,0.411446,0.578699
61.665001,0.409529,0.574031
61.687000,0.407904,0.570630
61.687000,0.405971,0.565085
61.708000,0.404332,0.560806
61.729000,0.402554,0.555277
61.729000,0.400894,0.548766
61.750999,0.399394,0.543609
61.750999,0.397458,0.537133
61.771999,0.395965,0.531951
61.771999,0.394473,0.526759
61.792999,0.392985,0.521123
61.792999,0.391497,0.515918
61.814999,0.390010,0.510708
61.814999,0.388528,0.505915
61.835999,0.387037,0.499785
61.835999,0.385548,0.493650
61.856998,0.384062,0.487512
61.856998,0.382707,0.481344
61.879002,0.381219,0.475718
61.900002,0.380148,0.470047
61.900002,0.378653,0.464450
61.921001,0.377280,0.458819
61.921001,0.375900,0.453198
61.943001,0.374409,0.447110
61.943001,0.373035,0.440049
61.943001,0.371246,0.433994
61.964001,0.369870,0.426949
61.964001,0.368192,0.419919
61.985001,0.366812,0.413813
62.007000,0.365159,0.407149
62.007000,0.363697,0.400596
62.028000,0.361743,0.393030
62.028000,0.360128,0.386718
62.049000,0.358127,0.379757
62.049000,0.356464,0.374053
62.070999,0.354797,0.368363
62.091999,0.352707,0.363714
62.091999,0.350767,0.358337
62.112999,0.348818,0.353865
62.112999,0.346555,0.348479
62.112999,0.344190,0.343252
62.134998,0.341541,0.337606
62.134998,0.339262,0.331369
62.155998,0.336593,0.324889
62.155998,0.333978,0.317800
62.176998,0.331351,0.310749
62.199001,0.328793,0.303557
62.199001,0.326148,0.295725
62.220001,0.323213,0.289464
62.220001,0.320935,0.282428
62.241001,0.318220,0.275244
62.241001,0.315904,0.268328
62.263000,0.313735,0.260586
62.263000,0.311457,0.252747
62.284000,0.309514,0.244194
62.284000,0.307399,0.236038
62.305000,0.305531,0.229043
62.305000,0.303944,0.221012
62.327000,0.302487,0.212981
62.327000,0.301308,0.205324
62.348000,0.300349,0.198753
62.348000,0.299643,0.192476
62.368999,0.298801,0.186893
62.390999,0.297510,0.182333
62.390999,0.296657,0.176859
62.411999,0.295800,0.171447
62.411999,0.294534,0.166773
62.432999,0.293906,0.163285
62.432999,0.292945,0.158859
62.432999,0.291926,0.155404
62.455002,0.291150,0.151915
62.476002,0.290438,0.147536
62.476002,0.289250,0.144094
62.497002,0.288359,0.139729
62.497002,0.287628,0.136114
62.519001,0.286470,0.132510
62.519001,0.285659,0.128733
62.540001,0.284255,0.125239
62.540001,0.282861,0.121186
62.561001,0.281397,0.118035
62.583000,0.279737,0.115169
62.583000,0.278313,0.111735
62.604000,0.276850,0.108906
62.604000,0.275556,0.106422
62.604000,0.274008,0.104471
62.625000,0.272457,0.101998
62.625000,0.271365,0.100374
62.646999,0.270441,0.099276
62.667999,0.269062,0.097910
62.667999,0.268148,0.096567
62.688999,0.267707,0.095243
62.688999,0.266501,0.094682
62.710999,0.266043,0.093891
62.710999,0.265838,0.092607
62.731998,0.265379,0.091311
62.731998,0.265178,0.089536
62.752998,0.264973,0.088279
62.752998,0.264529,0.086251
62.775002,0.264859,0.083777
62.775002,0.264114,0.082036
62.796001,0.264680,0.080083
62.796001,0.264249,0.076945
62.817001,0.264052,0.075309
62.817001,0.264110,0.073424
62.839001,0.263936,0.071571
62.860001,0.263441,0.069533
62.860001,0.262950,0.067711
62.881001,0.262216,0.065921
62.881001,0.262033,0.064156
62.903000,0.261269,0.062654
62.903000,0.260830,0.061593
62.924000,0.260181,0.059895
62.924000,0.259165,0.058851
62.945000,0.259085,0.057428
62.945000,0.258435,0.056172
62.966999,0.257408,0.055154
62.966999,0.256374,0.054144
62.987999,0.255332,0.053142
62.987999,0.254282,0.052150
63.008999,0.252841,0.051537
63.008999,0.251770,0.050932
63.030998,0.249692,0.050563
63.051998,0.248605,0.049964
63.051998,0.246516,0.049976
63.073002,0.245425,0.049612
63.073002,0.243938,0.049395
63.073002,0.242216,0.049043
63.095001,0.240739,0.049061
63.095001,0.238640,0.049097
63.116001,0.237191,0.049489
63.137001,0.235690,0.049152
63.137001,0.234217,0.049185
63.159000,0.232310,0.049016
63.159000,0.231418,0.048670
63.180000,0.230122,0.048489
63.180000,0.229059,0.048183
63.201000,0.228039,0.048242
63.201000,0.227251,0.048309
63.223000,0.225719,0.047826
63.243999,0.225554,0.047868
63.243999,0.224701,0.047589
63.243999,0.224398,0.047052
63.264999,0.223601,0.047135
63.264999,0.222883,0.046647
63.286999,0.222945,0.046697
63.286999,0.222527,0.046442
63.307999,0.222419,0.046541
63.328999,0.222313,0.046641
63.328999,0.222024,0.046170
63.351002,0.222546,0.046219
63.351002,0.222071,0.045802
63.372002,0.222422,0.045898
63.372002,0.222159,0.045484
63.393002,0.222861,0.045347
63.393002,0.222928,0.045270
63.415001,0.222859,0.044852
63.415001,0.222285,0.044851
63.436001,0.222737,0.044709
63.436001,0.222710,0.044982
63.457001,0.222931,0.044846
63.457001,0.223376,0.044695
63.479000,0.223984,0.044874
63.479000,0.224512,0.044485
63.500000,0.225745,0.044558
63.521000,0.227459,0.044315
63.521000,0.229313,0.044272
63.542999,0.231426,0.043933
63.542999,0.233452,0.043820
63.563999,0.235750,0.043795
63.563999,0.238631,0.043547
63.563999,0.240755,0.043174
63.584999,0.243060,0.043120
63.584999,0.246235,0.042577
63.606998,0.249377,0.042389
63.627998,0.252110,0.042256
63.627998,0.256011,0.042196
63.648998,0.259818,0.041928
63.648998,0.264068,0.041626
63.671001,0.267902,0.041953
63.671001,0.272602,0.041648
63.692001,0.276450,0.041421
63.692001,0.280866,0.041506
63.713001,0.284693,0.041077
63.735001,0.288567,0.040875
63.735001,0.292315,0.040826
63.735001,0.295987,0.040680
63.756001,0.299450,0.040585
63.756001,0.302473,0.040277
63.777000,0.305420,0.039871
63.777000,0.308470,0.039570
63.799000,0.310792,0.038987
63.820000,0.313841,0.038911
63.820000,0.316740,0.039202
63.841000,0.318903,0.039206
63.841000,0.321067,0.039210
63.862999,0.323230,0.039215
63.862999,0.325131,0.039490
63.883999,0.326579,0.039199
63.883999,0.327805,0.039496
63.904999,0.329231,0.039743
63.904999,0.331182,0.039799
63.926998,0.332600,0.040045
63.926998,0.333424,0.040084
63.948002,0.334912,0.040104
63.948002,0.336399,0.040122
63.969002,0.337654,0.039873
63.969002,0.338416,0.039268
63.991001,0.339679,0.039019
64.012001,0.341145,0.038718
64.012001,0.342505,0.038250
64.032997,0.343956,0.037640
64.032997,0.345240,0.037395
64.055000,0.346116,0.036585
64.055000,0.347686,0.035773
64.055000,0.349374,0.034757
64.075996,0.350587,0.034001
64.097000,0.352911,0.033209
64.097000,0.355076,0.032764
64.119003,0.358105,0.032117
64.119003,0.361767,0.031694
64.139999,0.364881,0.031076
64.139999,0.367523,0.030142
64.161003,0.370731,0.029553
64.161003,0.373472,0.028653
64.182999,0.376778,0.028093
64.204002,0.380960,0.027317
64.204002,0.383400,0.026957
64.224998,0.387431,0.026516
64.224998,0.390593,0.026454
64.224998,0.393869,0.026153
64.247002,0.397749,0.025948
64.247002,0.400177,0.025872
64.267998,0.404089,0.025692
64.289001,0.406532,0.025628
64.289001,0.409715,0.025425
64.310997,0.413091,0.025000
64.310997,0.415243,0.024943
64.332001,0.417730,0.024714
64.332001,0.419318,0.024564
64.352997,0.421253,0.024241
64.352997,0.424543,0.024089
64.375000,0.426516,0.023777
64.375000,0.428504,0.023468
64.396004,0.431094,0.023272
64.396004,0.432598,0.022691
64.417000,0.434644,0.022396
64.417000,0.437561,0.022008
64.439003,0.439825,0.021997
64.439003,0.442203,0.021514
64.459999,0.445981,0.021750
64.481003,0.448703,0.021600
64.481003,0.451609,0.021417
64.502998,0.453465,0.021353
64.502998,0.456225,0.021221
64.524002,0.458511,0.021245
64.524002,0.461287,0.021124
64.544998,0.462841,0.021068
64.544998,0.465126,0.021104
64.544998,0.467199,0.020907
64.567001,0.468765,0.020857
64.587997,0.471052,0.020903
64.587997,0.473870,0.020813
64.609001,0.474894,0.020632
64.609001,0.477021,0.020452
64.630997,0.478606,0.020412
64.630997,0.480575,0.020476
64.652000,0.481461,0.020339
64.672997,0.483464,0.020131
64.672997,0.485061,0.020099
64.695000,0.486388,0.019794
64.695000,0.488591,0.019635
64.695000,0.490109,0.019299
64.716003,0.491732,0.019274
64.716003,0.493118,0.018983
64.737000,0.495056,0.018839
64.737000,0.496476,0.018555
64.759003,0.496797,0.018552
64.779999,0.498924,0.018379
64.779999,0.500379,0.018102
64.801003,0.502042,0.018090
64.801003,0.503025,0.017970
64.822998,0.504515,0.017699
64.822998,0.506042,0.017956
64.844002,0.507390,0.017953
64.864998,0.507711,0.017950
64.864998,0.508906,0.017986
64.864998,0.509570,0.018101
64.887001,0.509059,0.017949
64.887001,0.510407,0.017950
64.907997,0.511621,0.017693
64.907997,0.512342,0.017288
64.929001,0.513050,0.017179
64.929001,0.514310,0.016931
64.950996,0.514310,0.016931
64.972000,0.515692,0.016940
64.972000,0.514971,0.017047
64.992996,0.516028,0.017060
64.992996,0.515929,0.016807
65.014999,0.516338,0.016705
65.014999,0.516905,0.016570
65.036003,0.515510,0.016558
65.036003,0.516077,0.016423
65.056999,0.515189,0.016561
65.056999,0.514967,0.016816
65.079002,0.514646,0.016819
65.079002,0.512539,0.016915
65.099998,0.512218,0.016917
65.099998,0.511385,0.016770
65.121002,0.509842,0.016798
65.121002,0.508998,0.016653
65.142998,0.507425,0.016905
65.164001,0.505871,0.017161
65.164001,0.503652,0.017308
65.184998,0.502134,0.017572
65.184998,0.501140,0.017688
65.184998,0.499783,0.017694
65.207001,0.498426,0.017702
65.207001,0.497566,0.017559
65.227997,0.496750,0.017713
65.249001,0.495394,0.017724
65.249001,0.494587,0.017879
65.271004,0.493719,0.017738
65.271004,0.492365,0.017753
65.292000,0.492847,0.017598
65.292000,0.492688,0.017633
65.313004,0.492044,0.017754
65.313004,0.493077,0.017740
65.334999,0.492755,0.017740
65.356003,0.491952,0.017896
65.356003,0.492336,0.018003
65.356003,0.492015,0.018003
65.376999,0.491916,0.018267
65.376999,0.491694,0.018003
65.399002,0.492074,0.018111
65.399002,0.491913,0.018146
65.419998,0.491591,0.018146
65.441002,0.491967,0.018254
65.441002,0.491166,0.018411
65.462997,0.490310,0.018266
65.462997,0.489988,0.018265
65.484001,0.489287,0.018158
65.484001,0.489191,0.018423
65.504997,0.488965,0.018157
65.504997,0.487626,0.018172
65.504997,0.488101,0.018014
65.527000,0.487390,0.017908
65.547997,0.487316,0.017612
65.547997,0.487957,0.017492
65.569000,0.487957,0.017492
65.569000,0.487399,0.017353
65.591003,0.487399,0.017353
65.591003,0.488673,0.017597
65.612000,0.488673,0.017597
65.633003,0.488738,0.017893
65.633003,0.488738,0.017893
65.654999,0.489445,0.018000
65.654999,0.489445,0.018000
65.676003,0.489445,0.018000
65.676003,0.489985,0.018143
65.676003,0.489346,0.018263
65.696999,0.489404,0.018566
65.696999,0.489404,0.018566
65.719002,0.489567,0.018530
65.739998,0.489095,0.018689
65.739998,0.489191,0.018423
65.761002,0.489888,0.018531
65.761002,0.489416,0.018690
65.782997,0.490267,0.018836
65.782997,0.490430,0.018800
65.804001,0.491277,0.018947
65.824997,0.492120,0.019095
65.824997,0.492914,0.018936
65.847000,0.493235,0.018936
65.847000,0.494552,0.018926
65.847000,0.494552,0.018926
65.867996,0.496059,0.019189
65.867996,0.496862,0.019031
65.889000,0.497690,0.019183
65.889000,0.498999,0.019179
65.911003,0.499820,0.019332
65.931999,0.500631,0.019176
65.931999,0.500795,0.019448
65.953003,0.501608,0.019604
65.953003,0.502905,0.019604
65.974998,0.503058,0.019879
65.974998,0.503858,0.020038
65.996002,0.504007,0.020316
65.996002,0.505285,0.020319
66.016998,0.506696,0.020604
66.016998,0.507477,0.020768
66.039001,0.507635,0.020726
66.039001,0.508412,0.020891
66.059998,0.509187,0.021056
66.059998,0.510443,0.021066
66.081001,0.511210,0.021234
66.102997,0.512130,0.021359
66.102997,0.513378,0.021373
66.124001,0.514719,0.021673
66.124001,0.516702,0.021864
66.144997,0.517443,0.022038
66.144997,0.518748,0.022348
66.167000,0.520038,0.022661
66.167000,0.520762,0.022841
66.167000,0.522688,0.023048
66.188004,0.523943,0.023370
66.209000,0.525185,0.023696
66.209000,0.526413,0.024025
66.231003,0.526252,0.024176
66.231003,0.527469,0.024509
66.251999,0.528158,0.024699
66.251999,0.529645,0.024729
66.273003,0.530327,0.024921
66.273003,0.531512,0.025262
66.294998,0.532507,0.025451
66.316002,0.532828,0.025444
66.316002,0.533521,0.025946
66.316002,0.534187,0.026144
66.336998,0.535321,0.026186
66.336998,0.535172,0.026335
66.359001,0.535832,0.026535
66.359001,0.536332,0.026999
66.379997,0.536985,0.027202
66.401001,0.537635,0.027405
66.401001,0.537649,0.027720
66.422997,0.537970,0.027711
66.422997,0.537532,0.028189
66.444000,0.538177,0.028395
66.444000,0.537427,0.028661
66.464996,0.538096,0.029191
66.464996,0.538417,0.029180
66.487000,0.538442,0.029504
66.487000,0.538646,0.029881
66.508003,0.538967,0.029870
66.508003,0.538996,0.030197
66.528999,0.538600,0.030696
66.528999,0.538921,0.030683
66.551003,0.538956,0.031014
66.551003,0.539588,0.031228
66.571999,0.539207,0.031735
66.593002,0.539245,0.032070
66.593002,0.538835,0.032247
66.614998,0.538473,0.032764
66.614998,0.538426,0.033519
66.636002,0.538476,0.033864
66.636002,0.537870,0.034758
66.656998,0.537163,0.035486
66.656998,0.536595,0.036404
66.679001,0.535139,0.037666
66.679001,0.534617,0.038614
66.699997,0.533009,0.040313
66.699997,0.531647,0.042124
66.721001,0.529357,0.044280
66.721001,0.527234,0.046180
66.742996,0.525146,0.048460
66.742996,0.523152,0.051330
66.764000,0.520857,0.054127
66.785004,0.518650,0.057357
66.785004,0.516585,0.061270
66.806999,0.513643,0.065646
66.806999,0.511264,0.070362
66.806999,0.508952,0.076427
66.828003,0.506283,0.083305
66.828003,0.503871,0.091014
66.848999,0.501639,0.099439
66.871002,0.499083,0.108463
66.871002,0.496980,0.117808
66.891998,0.495491,0.127852
66.891998,0.493393,0.138828
66.913002,0.491647,0.150128
66.913002,0.490158,0.162057
66.934998,0.488868,0.174823
66.934998,0.487617,0.187973
66.956001,0.486752,0.202657
66.976997,0.485861,0.217390
66.976997,0.484985,0.232500
66.976997,0.484486,0.248578
66.999001,0.483445,0.264834
66.999001,0.482972,0.281834
67.019997,0.482419,0.297891
67.019997,0.481501,0.314228
67.041000,0.480882,0.330498
67.063004,0.480181,0.346362
67.063004,0.479737,0.362838
67.084000,0.479219,0.378856
67.084000,0.478685,0.394262
67.105003,0.478299,0.408992
67.105003,0.477897,0.423798
67.126999,0.477688,0.438557
67.126999,0.477625,0.450549
67.126999,0.477529,0.463259
67.148003,0.477226,0.475971
67.168999,0.477093,0.487974
67.168999,0.476465,0.498690
67.191002,0.476288,0.509943
67.191002,0.476293,0.520504
67.211998,0.476111,0.532495
67.211998,0.475885,0.543056
67.233002,0.475830,0.552832
67.254997,0.475582,0.563336
67.254997,0.475258,0.573159
67.276001,0.474993,0.582942
67.276001,0.475097,0.592633
67.296997,0.474990,0.601626
67.296997,0.474875,0.610581
67.296997,0.474464,0.618883
67.319000,0.474265,0.625678
67.319000,0.474284,0.630977
67.339996,0.474115,0.636476
67.361000,0.474157,0.642028
67.361000,0.473984,0.647491
67.383003,0.473557,0.653064
67.383003,0.473330,0.657776
67.403999,0.472679,0.663223
67.403999,0.472491,0.668597
67.425003,0.472098,0.674786
67.425003,0.471741,0.680353
67.446999,0.471345,0.686487
67.468002,0.470989,0.692003
67.468002,0.470113,0.698115
67.468002,0.469755,0.703576
67.488998,0.469138,0.709167
67.488998,0.468560,0.714449
67.511002,0.467939,0.719986
67.511002,0.467516,0.724664
67.531998,0.466922,0.728632
67.553001,0.466282,0.732883
67.553001,0.465743,0.736268
67.574997,0.465430,0.739777
67.574997,0.464552,0.742657
67.596001,0.464242,0.746147
67.596001,0.463695,0.748304
67.616997,0.462738,0.750518
67.616997,0.462067,0.753716
67.639000,0.461180,0.756556
67.639000,0.460224,0.759902
67.660004,0.459129,0.763538
67.660004,0.458007,0.766189
67.681000,0.456822,0.769166
67.681000,0.455641,0.773260
67.703003,0.454814,0.776656
67.703003,0.453387,0.779430
67.723999,0.452477,0.783274
67.745003,0.451573,0.786971
67.745003,0.450735,0.790297
67.766998,0.449599,0.793791
67.766998,0.448456,0.797267
67.788002,0.447308,0.800723
67.788002,0.446458,0.803972
67.788002,0.445301,0.807388
67.808998,0.444134,0.809749
67.831001,0.442641,0.812353
67.831001,0.441462,0.814695
67.851997,0.440179,0.817453
67.851997,0.438987,0.820781
67.873001,0.437994,0.824256
67.873001,0.436680,0.827896
67.894997,0.435689,0.830351
67.894997,0.434371,0.832988
67.916000,0.433266,0.835823
67.936996,0.431941,0.838442
67.936996,0.430267,0.841239
67.936996,0.428811,0.844213
67.959000,0.426654,0.847520
67.959000,0.425057,0.849897
67.980003,0.422876,0.852235
67.980003,0.420925,0.854749
68.000999,0.418712,0.857047
68.023003,0.416819,0.860074
68.023003,0.414685,0.862862
68.043999,0.412900,0.865511
68.043999,0.410833,0.867929
68.065002,0.408644,0.870637
68.065002,0.406810,0.873226
68.086998,0.404923,0.876614
68.086998,0.403111,0.879666
68.108002,0.401056,0.882467
68.108002,0.399101,0.885737
68.128998,0.396997,0.888465
68.128998,0.395083,0.891382
68.151001,0.393052,0.894526
68.151001,0.391081,0.897367
68.171997,0.388442,0.900090
68.171997,0.386062,0.902151
68.193001,0.383863,0.903952
68.214996,0.381978,0.906430
68.214996,0.379512,0.908406
68.236000,0.377366,0.910598
68.236000,0.375050,0.912459
68.257004,0.372854,0.914599
68.257004,0.370834,0.916940
68.278999,0.367985,0.918697
68.278999,0.365901,0.920978
68.300003,0.363104,0.923107
68.300003,0.361089,0.924722
68.320999,0.358411,0.927019
68.320999,0.356594,0.929428
68.343002,0.354500,0.930980
68.343002,0.352800,0.932773
68.363998,0.350790,0.934694
68.363998,0.348928,0.936050
68.385002,0.347050,0.937397
68.406998,0.345157,0.938734
68.406998,0.343379,0.939703
68.428001,0.341335,0.939899
68.428001,0.339416,0.940483
68.428001,0.337911,0.940594
68.448997,0.335874,0.940063
68.448997,0.334370,0.940183
68.471001,0.332316,0.940397
68.491997,0.330258,0.940613
68.491997,0.328487,0.941445
68.513000,0.326544,0.942050
68.513000,0.324757,0.942882
68.535004,0.322962,0.943712
68.535004,0.321374,0.944059
68.556000,0.319692,0.945266
68.556000,0.317297,0.946175
68.577003,0.315467,0.946999
68.598999,0.313399,0.947805
68.598999,0.311427,0.948262
68.598999,0.309342,0.949069
68.620003,0.307209,0.949307
68.620003,0.304985,0.949756
68.640999,0.302753,0.950207
68.640999,0.301119,0.950590
68.663002,0.298875,0.951049
68.683998,0.296883,0.951078
68.683998,0.293891,0.951392
68.705002,0.291630,0.951860
68.705002,0.288247,0.952108
68.726997,0.285858,0.952224
68.726997,0.282457,0.952463
68.748001,0.279438,0.952639
68.748001,0.276206,0.953440
68.768997,0.272223,0.954058
68.768997,0.268518,0.954874
68.791000,0.265184,0.955633
68.791000,0.261683,0.955816
68.811996,0.257999,0.956219
68.811996,0.255130,0.956353
68.833000,0.252071,0.956713
68.833000,0.248909,0.956511
68.855003,0.246013,0.956517
68.875999,0.242863,0.956310
68.875999,0.239951,0.956088
68.897003,0.237057,0.956084
68.897003,0.234159,0.955854
68.918999,0.231688,0.955847
68.918999,0.228794,0.955837
68.918999,0.225919,0.956168
68.940002,0.222608,0.956483
68.940002,0.219681,0.957023
68.960999,0.217000,0.957652
68.983002,0.214030,0.958178
68.983002,0.211705,0.958700
69.003998,0.209419,0.959000
69.003998,0.207068,0.959518
69.025002,0.205151,0.960062
69.025002,0.202096,0.960566
69.046997,0.200155,0.961109
69.046997,0.197771,0.961298
69.068001,0.195240,0.961298
69.088997,0.192846,0.961487
69.088997,0.190222,0.961704
69.088997,0.187090,0.962188
69.111000,0.183139,0.962853
69.111000,0.180308,0.963579
69.132004,0.177450,0.964297
69.132004,0.174630,0.964709
69.153000,0.171580,0.965621
69.175003,0.168637,0.966318
69.175003,0.165165,0.966943
69.195999,0.161655,0.967554
69.195999,0.158035,0.968596
69.217003,0.154427,0.969173
69.217003,0.151512,0.969782
69.238998,0.149429,0.970160
69.238998,0.146594,0.970489
69.260002,0.143965,0.970627
69.260002,0.142211,0.970550
69.280998,0.139408,0.971103
69.280998,0.136972,0.971203
69.303001,0.134811,0.971572
69.303001,0.133099,0.971724
69.323997,0.130915,0.972090
69.323997,0.129727,0.972330
69.345001,0.126984,0.972604
69.366997,0.125539,0.973240
69.366997,0.124155,0.973723
69.388000,0.122492,0.974585
69.388000,0.121566,0.975289
69.408997,0.120257,0.975663
69.408997,0.118839,0.976126
69.408997,0.117513,0.976497
69.431000,0.116282,0.976923
69.452003,0.115255,0.977123
69.452003,0.113087,0.977620
69.473000,0.111220,0.977945
69.473000,0.109570,0.978051
69.495003,0.107675,0.978370
69.495003,0.106858,0.978351
69.515999,0.104993,0.978483
69.515999,0.103930,0.978679
69.537003,0.102864,0.978875
69.558998,0.101431,0.979229
69.558998,0.099100,0.979693
69.580002,0.097361,0.980242
69.580002,0.094671,0.980886
69.580002,0.092859,0.981417
69.600998,0.090280,0.982272
69.600998,0.087390,0.982869
69.623001,0.086318,0.983434
69.643997,0.083302,0.984003
69.643997,0.080578,0.984385
69.665001,0.078189,0.984588
69.665001,0.075898,0.984824
69.686996,0.072576,0.984944
69.686996,0.071068,0.984843
69.708000,0.068416,0.985056
69.708000,0.067598,0.985057
69.728996,0.064669,0.985003
69.728996,0.062985,0.984925
69.750999,0.060740,0.984972
69.750999,0.059738,0.985000
69.772003,0.057932,0.984889
69.772003,0.055020,0.984829
69.792999,0.051657,0.984922
69.792999,0.047921,0.984764
69.815002,0.044551,0.984843
69.835999,0.040536,0.985033
69.835999,0.038268,0.985066
69.857002,0.036508,0.984949
69.857002,0.032791,0.985001
69.878998,0.029593,0.984901
69.878998,0.025955,0.984703
69.900002,0.022427,0.984711
69.900002,0.018720,0.984739
69.920998,0.015753,0.984867
69.920998,0.012034,0.985364
69.943001,0.009008,0.985482
69.943001,0.005839,0.985357
69.963997,0.001320,0.985457
69.963997,0.998882,0.985435
69.985001,0.995747,0.985299
69.985001,0.993773,0.985178
70.007004,0.990833,0.985010
70.028000,0.985832,0.984938
70.028000,0.981652,0.984760
70.049004,0.978138,0.984693
70.049004,0.975641,0.984260
70.049004,0.972226,0.983937
70.070999,0.969497,0.983489
70.070999,0.967376,0.983165
70.092003,0.964878,0.982737
70.092003,0.961378,0.982609
70.112999,0.957528,0.982369
70.135002,0.954069,0.982225
70.135002,0.951562,0.981743
70.155998,0.948634,0.981516
70.155998,0.946190,0.981024
70.177002,0.943784,0.980938
70.177002,0.941389,0.980439
70.198997,0.938692,0.980160
70.220001,0.936355,0.979652
70.220001,0.933870,0.979101
70.220001,0.930817,0.978655
70.240997,0.927983,0.977934
70.240997,0.925332,0.977151
70.263000,0.922973,0.976572
70.263000,0.920896,0.975472
70.283997,0.918543,0.974690
70.283997,0.915855,0.974140
70.305000,0.914110,0.973224
70.327003,0.911669,0.972701
70.327003,0.909604,0.972547
70.348000,0.907929,0.972148
70.348000,0.906588,0.971927
70.369003,0.905249,0.971708
70.369003,0.903715,0.971242
70.390999,0.902893,0.970913
70.390999,0.901052,0.970262
70.412003,0.898519,0.970227
70.412003,0.896210,0.969682
70.432999,0.893521,0.969383
70.432999,0.890148,0.969140
70.455002,0.887489,0.968828
70.455002,0.884032,0.968644
70.475998,0.881094,0.968355
70.497002,0.878779,0.967888
70.497002,0.876367,0.967498
70.518997,0.873220,0.966646
70.518997,0.869752,0.966154
70.540001,0.866116,0.965606
70.540001,0.863200,0.965002
70.540001,0.860219,0.964097
70.560997,0.857368,0.963476
70.560997,0.855105,0.962674
70.583000,0.852479,0.962251
70.603996,0.849699,0.961612
70.603996,0.846813,0.961468
70.625000,0.844296,0.961345
70.625000,0.840807,0.961532
70.647003,0.838246,0.961093
70.647003,0.834580,0.960735
70.667999,0.831511,0.960521
70.667999,0.828333,0.960086
70.689003,0.825839,0.959629
70.710999,0.822699,0.959183
70.710999,0.819562,0.958401
70.710999,0.817111,0.957601
70.732002,0.815112,0.956750
70.732002,0.813126,0.955895
70.752998,0.810733,0.955078
70.752998,0.808848,0.954443
70.775002,0.806900,0.953578
70.795998,0.803993,0.952977
70.795998,0.801667,0.952497
70.817001,0.799818,0.951858
70.817001,0.797576,0.951250
70.838997,0.794696,0.950033
70.838997,0.792488,0.949414
70.860001,0.789927,0.948442
70.860001,0.787748,0.947814
70.880997,0.785229,0.946821
70.880997,0.783428,0.945932
70.903000,0.780390,0.944512
70.903000,0.777946,0.943482
70.924004,0.774976,0.941772
70.924004,0.772940,0.940708
70.945000,0.770390,0.938954
70.945000,0.768726,0.937874
70.967003,0.766226,0.936089
70.987999,0.763747,0.934531
70.987999,0.761795,0.933423
71.009003,0.759044,0.931823
71.009003,0.757595,0.931431
71.030998,0.754887,0.929806
71.030998,0.752605,0.929348
71.030998,0.750390,0.928442
71.052002,0.748127,0.927977
71.072998,0.745872,0.927509
71.072998,0.743352,0.926802
71.095001,0.741116,0.926324
71.095001,0.738072,0.925736
71.115997,0.736397,0.925109
71.115997,0.734189,0.924620
71.137001,0.731926,0.924380
71.137001,0.729529,0.923369
71.158997,0.727278,0.923121
71.180000,0.724911,0.922091
71.180000,0.722483,0.921299
71.200996,0.719916,0.920239
71.200996,0.717871,0.919254
71.200996,0.715750,0.918517
71.223000,0.713820,0.917050
71.223000,0.711811,0.916052
71.244003,0.709976,0.915394
71.264999,0.708569,0.914003
71.264999,0.706490,0.913251
71.287003,0.705004,0.912340
71.287003,0.703035,0.911095
71.307999,0.701460,0.910434
71.307999,0.699792,0.910267
71.329002,0.697649,0.910002
71.329002,0.695875,0.910088
71.350998,0.693622,0.910072
71.350998,0.691726,0.909928
71.372002,0.689473,0.909913
71.372002,0.687220,0.909897
71.392998,0.685204,0.910010
71.392998,0.683080,0.909748
71.415001,0.681295,0.910710
71.415001,0.679036,0.910695
71.435997,0.677249,0.910792
71.457001,0.674989,0.910775
71.457001,0.672730,0.910756
71.478996,0.670706,0.910703
71.478996,0.668720,0.909960
71.500000,0.667054,0.909579
71.500000,0.665159,0.909039
71.521004,0.663654,0.908421
71.521004,0.661309,0.907749
71.521004,0.659430,0.907198
71.542999,0.657720,0.906408
71.564003,0.656072,0.906029
71.564003,0.654207,0.905472
71.584999,0.652889,0.905716
71.584999,0.651246,0.905345
71.607002,0.649478,0.905459
71.607002,0.647494,0.905383
71.627998,0.645908,0.905195
71.649002,0.643713,0.904914
71.649002,0.642179,0.904970
71.670998,0.639686,0.904047
71.670998,0.637854,0.903469
71.670998,0.636028,0.902888
71.692001,0.634446,0.902683
71.692001,0.632627,0.902097
71.712997,0.631015,0.901731
71.712997,0.629635,0.901300
71.735001,0.627830,0.900712
71.755997,0.625825,0.900344
71.755997,0.624029,0.899751
71.777000,0.622382,0.898675
71.777000,0.620791,0.898319
71.799004,0.618527,0.897296
71.799004,0.616342,0.896529
71.799004,0.614280,0.895746
71.799004,0.611896,0.895189
71.820000,0.609258,0.893968
71.820000,0.606891,0.893394
71.841003,0.604532,0.892813
71.841003,0.601875,0.892051
71.862999,0.599135,0.891275
71.862999,0.596342,0.890982
71.884003,0.593313,0.890887
71.884003,0.590203,0.890756
71.904999,0.587013,0.891107
71.927002,0.584198,0.891639
71.927002,0.581627,0.892735
71.947998,0.578413,0.893046
71.947998,0.575731,0.893862
71.969002,0.572879,0.894353
71.969002,0.570093,0.893997
71.990997,0.567233,0.894469
71.990997,0.564889,0.895470
72.012001,0.562628,0.895646
72.012001,0.559748,0.896097
72.032997,0.557742,0.897302
72.032997,0.555137,0.897562
72.055000,0.553087,0.898470
72.055000,0.550878,0.899042
72.075996,0.548965,0.899445
72.075996,0.547051,0.899853
72.097000,0.545327,0.899861
72.119003,0.543113,0.899582
72.119003,0.541255,0.899516
72.139999,0.539385,0.899185
72.139999,0.538035,0.898554
72.139999,0.537394,0.897217
72.161003,0.536736,0.895612
72.161003,0.536750,0.893150
72.182999,0.536792,0.889875
72.204002,0.536857,0.885751
72.204002,0.537363,0.882043
72.224998,0.537387,0.877788
72.224998,0.537556,0.872896
72.247002,0.538152,0.868546
72.247002,0.538120,0.864084
72.267998,0.538551,0.859186
72.267998,0.538535,0.853575
72.289001,0.538645,0.847371
72.310997,0.539254,0.842149
72.310997,0.539706,0.837373
72.310997,0.539577,0.832500
72.332001,0.540106,0.827065
72.332001,0.540121,0.820437
72.352997,0.539773,0.814449
72.352997,0.539163,0.809593
72.375000,0.538828,0.805945
72.396004,0.538390,0.802849
72.396004,0.538115,0.800700
72.417000,0.537477,0.800356
72.417000,0.537047,0.799733
72.439003,0.536650,0.799231
72.439003,0.536121,0.799189
72.459999,0.535692,0.798565
72.459999,0.535318,0.796996
72.481003,0.534988,0.795786
72.481003,0.534711,0.793626
72.502998,0.534888,0.791566
72.502998,0.534696,0.788800
72.524002,0.534766,0.787316
72.524002,0.534639,0.785036
72.544998,0.534416,0.783353
72.544998,0.534117,0.781731
72.567001,0.533652,0.780209
72.587997,0.533335,0.779134
72.587997,0.533222,0.778305
72.609001,0.533265,0.776801
72.609001,0.532865,0.775793
72.630997,0.532974,0.775921
72.630997,0.532929,0.775602
72.630997,0.532726,0.775391
72.652000,0.532473,0.773714
72.672997,0.531985,0.772209
72.672997,0.531418,0.770190
72.695000,0.531078,0.766855
72.695000,0.530735,0.763506
72.716003,0.530229,0.759681
72.716003,0.529606,0.756146
72.737000,0.529320,0.752119
72.737000,0.528801,0.748238
72.759003,0.528303,0.744568
72.779999,0.527773,0.740656
72.779999,0.526979,0.737785
72.801003,0.526507,0.734401
72.801003,0.525988,0.730710
72.801003,0.525439,0.726750
72.822998,0.525161,0.721951
72.822998,0.524388,0.717164
72.844002,0.523869,0.712484
72.864998,0.523305,0.707513
72.864998,0.522771,0.702799
72.887001,0.522011,0.697277
72.887001,0.521624,0.691788
72.907997,0.520772,0.687609
72.907997,0.520153,0.682235
72.929001,0.519127,0.678794
72.929001,0.518516,0.674694
72.950996,0.517951,0.671199
72.950996,0.517052,0.667703
72.972000,0.516207,0.663734
72.972000,0.515111,0.659682
72.992996,0.514304,0.658350
72.992996,0.513249,0.656957
73.014999,0.512661,0.655505
73.014999,0.511875,0.655527
73.036003,0.511360,0.656950
73.056999,0.510379,0.658460
73.056999,0.509600,0.660520
73.079002,0.508682,0.664682
73.079002,0.507717,0.670195
73.099998,0.507024,0.675091
73.099998,0.506003,0.679943
73.121002,0.504780,0.686227
73.121002,0.503720,0.691687
73.121002,0.502898,0.697203
73.142998,0.502136,0.703310
73.164001,0.501334,0.710019
73.164001,0.500493,0.715438
73.184998,0.499718,0.721433
73.184998,0.499069,0.727511
73.207001,0.497911,0.733321
73.207001,0.496742,0.739377
73.227997,0.495804,0.745197
73.227997,0.494772,0.750373
73.249001,0.493743,0.756993
73.271004,0.492694,0.763222
73.271004,0.491279,0.768986
73.271004,0.489762,0.775234
73.292000,0.488279,0.780847
73.292000,0.486761,0.786384
73.313004,0.485380,0.791886
73.313004,0.483972,0.797319
73.334999,0.482724,0.801941
73.356003,0.481519,0.807420
73.356003,0.480287,0.812833
73.376999,0.479215,0.818479
73.376999,0.478577,0.824294
73.399002,0.477551,0.830304
73.399002,0.476986,0.835499
73.419998,0.476186,0.840563
73.441002,0.475672,0.845380
73.441002,0.475155,0.849196
73.441002,0.474737,0.853466
73.462997,0.474325,0.856774
73.462997,0.474298,0.860741
73.484001,0.473802,0.863118
73.484001,0.473368,0.866332
73.504997,0.473277,0.868467
73.504997,0.473309,0.871055
73.527000,0.473491,0.873228
73.547997,0.473400,0.875316
73.547997,0.473795,0.876825
73.569000,0.473992,0.879094
73.569000,0.474220,0.881791
73.591003,0.474421,0.884023
73.591003,0.475110,0.886496
73.612000,0.475503,0.888884
73.612000,0.476064,0.890882
73.633003,0.476463,0.893229
73.633003,0.476511,0.895732
73.654999,0.477087,0.897677
73.654999,0.477358,0.899404
73.676003,0.477946,0.901316
73.676003,0.477863,0.903190
73.696999,0.478297,0.904677
73.696999,0.478392,0.906687
73.719002,0.478138,0.908129
73.739998,0.477878,0.909560
73.739998,0.477985,0.910808
73.761002,0.477691,0.912925
73.761002,0.477541,0.914843
73.761002,0.476965,0.917379
73.782997,0.476536,0.920236
73.782997,0.475496,0.922849
73.804001,0.474998,0.925606
73.824997,0.474468,0.928312
73.824997,0.474496,0.930885
73.847000,0.474258,0.933690
73.847000,0.473699,0.935649
73.867996,0.473351,0.937106
73.867996,0.473543,0.939063
73.889000,0.473723,0.940992
73.889000,0.473526,0.942699
73.911003,0.474433,0.944188
73.931999,0.474669,0.945498
73.931999,0.474739,0.946902
73.931999,0.475362,0.947621
73.953003,0.475511,0.948473
73.953003,0.475824,0.949416
73.974998,0.476195,0.950543
73.974998,0.477376,0.951294
73.996002,0.477761,0.952401
74.016998,0.478149,0.953496
74.016998,0.478135,0.954397
74.039001,0.478277,0.955200
74.039001,0.478256,0.956085
74.059998,0.478644,0.957139
74.059998,0.478778,0.957921
74.081001,0.479168,0.958954
74.081001,0.479561,0.959976
74.081001,0.479894,0.960608
74.102997,0.480023,0.961361
74.124001,0.480894,0.961855
74.124001,0.480585,0.962427
74.144997,0.481370,0.963209
74.144997,0.481434,0.963575
74.167000,0.481784,0.964178
74.167000,0.481848,0.964539
74.188004,0.482202,0.965134
74.209000,0.483578,0.965764
74.209000,0.483714,0.966471
74.231003,0.484342,0.966700
74.231003,0.484410,0.967050
74.251999,0.485444,0.967088
74.251999,0.485767,0.967089
74.251999,0.486802,0.967125
74.273003,0.488318,0.967317
74.273003,0.489912,0.967220
74.294998,0.491177,0.966900
74.316002,0.492816,0.966378
74.316002,0.494058,0.966048
74.336998,0.495662,0.965512
74.336998,0.497934,0.964979
74.359001,0.499678,0.964059
74.359001,0.501209,0.963490
74.379997,0.503387,0.962396
74.401001,0.505357,0.961203
74.401001,0.507125,0.960363
74.422997,0.508839,0.959200
74.422997,0.509593,0.958332
74.422997,0.511099,0.957523
74.444000,0.511099,0.957523
74.444000,0.512034,0.957512
74.464996,0.512034,0.957512
74.464996,0.512226,0.957909
74.487000,0.512419,0.958304
74.508003,0.513065,0.958537
74.508003,0.513557,0.958684
74.528999,0.513390,0.958543
74.528999,0.514626,0.958282
74.551003,0.515243,0.958041
74.551003,0.515687,0.957878
74.571999,0.517025,0.957218
74.571999,0.518561,0.956950
74.593002,0.520194,0.956500
74.593002,0.521982,0.955959
74.614998,0.523818,0.955895
74.614998,0.525993,0.955161
74.636002,0.528541,0.954231
74.636002,0.530891,0.953184
74.656998,0.533525,0.952122
74.656998,0.537035,0.950773
74.679001,0.539779,0.949355
74.699997,0.542818,0.947700
74.699997,0.546614,0.945920
74.721001,0.550163,0.943962
74.721001,0.553766,0.942060
74.742996,0.557129,0.939973
74.742996,0.560696,0.937597
74.742996,0.563723,0.935298
74.764000,0.567153,0.933046
74.785004,0.570768,0.930498
74.785004,0.573751,0.927911
74.806999,0.576522,0.925847
74.806999,0.579425,0.923613
74.828003,0.582691,0.921712
74.828003,0.585759,0.919594
74.848999,0.588427,0.917657
74.848999,0.591323,0.915894
74.871002,0.594370,0.913964
74.891998,0.597380,0.911997
74.891998,0.600287,0.909535
74.891998,0.603457,0.906760
74.913002,0.606719,0.904272
74.913002,0.609694,0.901553
74.934998,0.611987,0.899526
74.934998,0.614868,0.897263
74.956001,0.617564,0.895258
74.976997,0.620397,0.892968
74.976997,0.623055,0.890942
74.999001,0.625696,0.888907
74.999001,0.628749,0.886899
75.019997,0.631331,0.885394
75.019997,0.634003,0.883797
75.041000,0.636641,0.882747
75.041000,0.638864,0.881115
75.063004,0.641414,0.879059
75.063004,0.643639,0.876545
75.084000,0.645962,0.874322
75.084000,0.648290,0.871521
75.105003,0.650675,0.869744
75.105003,0.653064,0.867374
75.126999,0.655441,0.864997
75.126999,0.658218,0.862629
75.148003,0.660479,0.860432
75.168999,0.662859,0.858391
75.168999,0.665237,0.856369
75.191002,0.667621,0.853733
75.191002,0.670166,0.851888
75.211998,0.672889,0.848907
75.211998,0.675513,0.846187
75.233002,0.678205,0.843183
75.233002,0.680244,0.840979
75.254997,0.682750,0.838522
75.254997,0.684936,0.837142
75.276001,0.687056,0.834687
75.276001,0.689390,0.832763
75.296997,0.691867,0.830262
75.296997,0.693878,0.827317
75.319000,0.695252,0.825163
75.319000,0.697006,0.822997
75.339996,0.698895,0.820918
75.361000,0.700629,0.818726
75.361000,0.702738,0.816513
75.383003,0.704829,0.813559
75.383003,0.706778,0.811232
75.383003,0.708854,0.808977
75.403999,0.710920,0.806711
75.403999,0.712442,0.805389
75.425003,0.714093,0.804139
75.446999,0.715773,0.802629
75.446999,0.717780,0.800597
75.468002,0.719668,0.797484
75.468002,0.721314,0.795205
75.488998,0.722927,0.793174
75.488998,0.724559,0.790885
75.511002,0.726043,0.788800
75.511002,0.727997,0.785942
75.531998,0.729609,0.783640
75.553001,0.731452,0.781514
75.553001,0.732921,0.778390
75.553001,0.734486,0.775530
75.574997,0.735568,0.771631
75.574997,0.737018,0.768730
75.596001,0.738099,0.764813
75.596001,0.738829,0.761974
75.616997,0.740036,0.759932
75.639000,0.740869,0.757101
75.639000,0.741712,0.755320
75.660004,0.742672,0.754149
75.660004,0.743518,0.752141
75.681000,0.744377,0.751193
75.681000,0.744869,0.749221
75.703003,0.745701,0.746377
75.703003,0.746102,0.744402
75.703003,0.746938,0.741772
75.723999,0.747786,0.739768
75.745003,0.748372,0.737792
75.745003,0.749222,0.736004
75.766998,0.750081,0.734859
75.766998,0.750932,0.733075
75.788002,0.751431,0.731108
75.788002,0.752284,0.729324
75.808998,0.753133,0.727333
75.831001,0.754344,0.726394
75.831001,0.755273,0.724392
75.851997,0.756138,0.723486
75.851997,0.756993,0.721713
75.873001,0.757830,0.718864
75.873001,0.758676,0.716893
75.873001,0.759525,0.714244
75.894997,0.760012,0.710533
75.894997,0.760770,0.706827
75.916000,0.761186,0.702243
75.936996,0.761949,0.697630
75.936996,0.762377,0.692118
75.959000,0.762811,0.685673
75.959000,0.763319,0.679158
75.980003,0.763761,0.672487
75.980003,0.764343,0.665876
76.000999,0.764873,0.659278
76.000999,0.765410,0.652655
76.023003,0.766004,0.645963
76.043999,0.766944,0.640334
76.043999,0.767585,0.634498
76.043999,0.768507,0.629658
76.065002,0.769163,0.624877
76.065002,0.769798,0.619961
76.086998,0.770414,0.615212
76.086998,0.771033,0.610453
76.108002,0.771667,0.605514
76.128998,0.772287,0.601709
76.128998,0.772908,0.597900
76.151001,0.773509,0.593994
76.151001,0.773813,0.590172
76.171997,0.774436,0.587335
76.171997,0.774741,0.584485
76.193001,0.775047,0.581634
76.193001,0.775676,0.578798
76.214996,0.775986,0.575946
76.214996,0.776274,0.573172
76.236000,0.776533,0.571312
76.236000,0.776846,0.569600
76.257004,0.776816,0.567792
76.257004,0.777130,0.565929
76.278999,0.777436,0.565053
76.278999,0.777743,0.564179
76.300003,0.778028,0.563391
76.320999,0.778326,0.563507
76.320999,0.778634,0.562639
76.343002,0.778931,0.562759
76.343002,0.779229,0.562881
76.363998,0.779186,0.563057
76.363998,0.779177,0.562160
76.363998,0.779474,0.562286
76.385002,0.779473,0.561543
76.406998,0.779784,0.560687
76.406998,0.779770,0.558894
76.428001,0.779744,0.558086
76.428001,0.779421,0.557142
76.448997,0.779397,0.556332
76.448997,0.779410,0.554446
76.471001,0.779408,0.553547
76.471001,0.779423,0.551660
76.491997,0.779440,0.550671
76.513000,0.779111,0.548675
76.513000,0.779112,0.547774
76.513000,0.779130,0.546786
76.535004,0.779130,0.546786
76.535004,0.779130,0.546786
76.556000,0.778777,0.548706
76.556000,0.778441,0.549639
76.577003,0.778405,0.551614
76.598999,0.778071,0.553449
76.598999,0.777718,0.555369
76.620003,0.777368,0.558192
76.620003,0.777037,0.560031
76.640999,0.776393,0.562728
76.640999,0.776049,0.565557
76.663002,0.775403,0.567355
76.663002,0.775054,0.569276
76.683998,0.774704,0.571196
76.683998,0.774379,0.573043
76.705002,0.774030,0.574963
76.705002,0.774013,0.577836
76.726997,0.773664,0.579753
76.726997,0.773365,0.581684
76.748001,0.773324,0.584623
76.748001,0.773283,0.587557
76.768997,0.773212,0.590553
76.791000,0.773147,0.594614
76.791000,0.773394,0.597642
76.811996,0.773662,0.600768
76.811996,0.773892,0.604758
76.833000,0.774143,0.608848
76.833000,0.774356,0.613784
76.855003,0.774591,0.618822
76.855003,0.774809,0.624808
76.855003,0.775322,0.629935
76.875999,0.775816,0.636002
76.897003,0.776306,0.642049
76.897003,0.776515,0.647962
76.918999,0.776999,0.653966
76.918999,0.777158,0.660989
76.940002,0.777567,0.669026
76.940002,0.777545,0.676870
76.960999,0.778203,0.686018
76.983002,0.778485,0.694877
76.983002,0.779292,0.704401
77.003998,0.779450,0.713937
77.003998,0.779852,0.724366
77.003998,0.780252,0.734678
77.025002,0.780811,0.745035
77.025002,0.781380,0.755484
77.046997,0.781566,0.764702
77.068001,0.781970,0.772876
77.068001,0.782352,0.781732
77.088997,0.782154,0.788769
77.088997,0.782176,0.796584
77.111000,0.782100,0.802841
77.111000,0.782005,0.809026
77.132004,0.782415,0.815131
77.132004,0.782434,0.821118
77.153000,0.782761,0.825255
77.175003,0.782830,0.829966
77.175003,0.783326,0.833970
77.175003,0.783409,0.837629
77.195999,0.784111,0.840828
77.195999,0.784637,0.843775
77.217003,0.785372,0.846913
77.217003,0.786108,0.849089
77.238998,0.786261,0.851933
77.238998,0.787047,0.854987
77.260002,0.787399,0.857722
77.280998,0.787620,0.860760
77.280998,0.788455,0.864349
77.303001,0.788514,0.867383
77.303001,0.788765,0.870943
77.323997,0.788394,0.874512
77.323997,0.788459,0.878042
77.323997,0.788295,0.880885
77.345001,0.788538,0.884008
77.366997,0.788385,0.886791
77.366997,0.788690,0.888982
77.388000,0.788738,0.890938
77.388000,0.789013,0.892824
77.408997,0.789112,0.895017
77.408997,0.788935,0.896874
77.431000,0.789229,0.898710
77.431000,0.789345,0.900753
77.452003,0.789182,0.902564
77.473000,0.789021,0.904360
77.473000,0.788379,0.906150
77.495003,0.788023,0.908741
77.495003,0.787699,0.911713
77.495003,0.787383,0.914642
77.515999,0.787415,0.918221
77.515999,0.787409,0.921004
77.537003,0.786906,0.923758
77.558998,0.786943,0.926452
77.558998,0.785860,0.929210
77.580002,0.785280,0.931464
77.580002,0.784143,0.933702
77.600998,0.783870,0.935850
77.600998,0.784172,0.937949
77.623001,0.783557,0.939665
77.623001,0.783805,0.941063
77.643997,0.784709,0.942661
77.665001,0.784604,0.943669
77.665001,0.785554,0.945229
77.665001,0.785872,0.946555
77.686996,0.786928,0.948441
77.686996,0.787368,0.949952
77.708000,0.788454,0.951409
77.708000,0.789496,0.952615
77.728996,0.790660,0.954022
77.750999,0.791455,0.955454
77.750999,0.792207,0.956523
77.772003,0.793060,0.957912
77.772003,0.793838,0.959063
77.792999,0.794311,0.960459
77.792999,0.795253,0.961778
77.815002,0.796232,0.963072
77.815002,0.796780,0.964396
77.835999,0.797830,0.965641
77.835999,0.798319,0.966627
77.857002,0.798684,0.967402
77.857002,0.799932,0.968316
77.878998,0.801343,0.969492
77.878998,0.803329,0.970584
77.900002,0.805389,0.971647
77.900002,0.807527,0.972681
77.920998,0.809190,0.973750
77.943001,0.810734,0.974546
77.943001,0.812324,0.975327
77.963997,0.813377,0.976158
77.963997,0.814458,0.976813
77.985001,0.816168,0.977551
77.985001,0.817318,0.978340
77.985001,0.819129,0.979048
78.007004,0.820726,0.979582
78.028000,0.822257,0.980539
78.028000,0.823356,0.981261
78.049004,0.824422,0.981824
78.049004,0.825540,0.982327
78.070999,0.826978,0.983017
78.070999,0.828133,0.983549
78.092003,0.828716,0.984273
78.092003,0.831021,0.984854
78.112999,0.831318,0.985413
78.135002,0.832767,0.986028
78.135002,0.833498,0.986694
78.155998,0.834653,0.987152
78.155998,0.836275,0.987724
78.155998,0.837975,0.988282
78.177002,0.838441,0.988770
78.177002,0.840271,0.989301
78.198997,0.841301,0.989879
78.220001,0.843910,0.990209
78.220001,0.846010,0.990696
78.240997,0.848223,0.991167
78.240997,0.849374,0.991398
78.263000,0.850556,0.991624
78.263000,0.852963,0.991785
78.283997,0.853242,0.992067
78.283997,0.855737,0.992220
78.305000,0.857066,0.992431
78.305000,0.859116,0.992750
78.327003,0.860541,0.992950
78.327003,0.862007,0.993147
78.348000,0.864770,0.993277
78.348000,0.866331,0.993466
78.369003,0.867115,0.993568
78.369003,0.867693,0.993815
78.390999,0.869364,0.993994
78.412003,0.869779,0.994231
78.412003,0.871544,0.994402
78.432999,0.872027,0.994631
78.432999,0.872760,0.994856
78.455002,0.873698,0.994943
78.455002,0.874679,0.995015
78.475998,0.874261,0.995160
78.475998,0.874261,0.995160
78.475998,0.872859,0.995218
78.497002,0.871441,0.995275
78.518997,0.871197,0.995417
78.518997,0.870231,0.995333
78.540001,0.868781,0.995389
78.540001,0.868319,0.995176
78.560997,0.865967,0.995145
78.560997,0.863822,0.995126
78.583000,0.862056,0.994961
78.603996,0.862056,0.994961
78.603996,0.859770,0.994923
78.625000,0.858916,0.994846
78.625000,0.855844,0.994725
78.625000,0.852840,0.994599
78.647003,0.851109,0.994416
78.647003,0.848237,0.994281
78.667999,0.845922,0.994003
78.667999,0.841185,0.993798
78.689003,0.836001,0.993486
78.710999,0.831056,0.993154
78.710999,0.825211,0.992846
78.732002,0.820735,0.992472
78.732002,0.814639,0.991877
78.752998,0.810433,0.990911
78.752998,0.804732,0.990070
78.775002,0.801127,0.988822
78.775002,0.796574,0.987384
78.795998,0.793024,0.986176
78.795998,0.790296,0.984491
78.817001,0.789374,0.982491
78.817001,0.786926,0.980428
78.838997,0.784508,0.977840
78.838997,0.783016,0.975245
78.860001,0.780925,0.972079
78.860001,0.779904,0.969184
78.880997,0.778187,0.965870
78.903000,0.776581,0.962489
78.903000,0.775107,0.958844
78.924004,0.773686,0.954807
78.924004,0.772378,0.950455
78.945000,0.770802,0.946312
78.945000,0.769342,0.942404
78.967003,0.767993,0.938611
78.967003,0.767335,0.934411
78.987999,0.766141,0.929652
78.987999,0.765279,0.924723
79.009003,0.764933,0.919161
79.009003,0.763799,0.912949
79.030998,0.762942,0.907053
79.030998,0.762113,0.900452
79.052002,0.762004,0.893627
79.052002,0.761879,0.886606
79.072998,0.761739,0.879392
79.095001,0.762035,0.872258
79.095001,0.761864,0.865303
79.115997,0.761334,0.857236
79.115997,0.761393,0.848666
79.115997,0.761052,0.840174
79.137001,0.760719,0.832189
79.137001,0.760637,0.824069
79.158997,0.760698,0.815780
79.180000,0.760381,0.807613
79.180000,0.759805,0.799097
79.200996,0.759502,0.789881
79.200996,0.759088,0.781317
79.223000,0.758793,0.772607
79.223000,0.758499,0.763778
79.244003,0.758559,0.754003
79.244003,0.758953,0.742181
79.264999,0.759170,0.730452
79.287003,0.759130,0.717659
79.287003,0.759363,0.704706
79.287003,0.759673,0.691562
79.307999,0.760254,0.679215
79.307999,0.760573,0.666888
79.329002,0.760892,0.654443
79.329002,0.761212,0.640941
79.350998,0.761816,0.627367
79.372002,0.762067,0.612766
79.372002,0.762675,0.598185
79.392998,0.762955,0.583541
79.392998,0.763602,0.567746
79.415001,0.763979,0.552010
79.415001,0.764341,0.538204
79.435997,0.764764,0.523375
79.435997,0.765550,0.506562
79.435997,0.766341,0.491701
79.457001,0.767113,0.478750
79.478996,0.768243,0.463834
79.478996,0.768695,0.450900
79.500000,0.769167,0.437958
79.500000,0.769354,0.426125
79.521004,0.769515,0.415251
79.521004,0.769379,0.407429
79.542999,0.769528,0.398570
79.564003,0.769302,0.389743
79.564003,0.769455,0.380960
79.584999,0.769231,0.373067
79.584999,0.769076,0.366284
79.607002,0.768584,0.360425
79.607002,0.768405,0.355573
79.607002,0.768198,0.349731
79.627998,0.768043,0.343970
79.649002,0.767929,0.336369
79.649002,0.767861,0.329798
79.670998,0.768100,0.323092
79.670998,0.768032,0.317501
79.692001,0.768202,0.313751
79.692001,0.768465,0.309170
79.712997,0.768647,0.305449
79.712997,0.769289,0.300080
79.735001,0.769509,0.295506
79.755997,0.769662,0.290889
79.755997,0.769792,0.287173
79.777000,0.769794,0.285156
79.777000,0.769795,0.282463
79.777000,0.770112,0.280717
79.799004,0.770164,0.279648
79.799004,0.769792,0.277778
79.820000,0.769869,0.275842
79.841003,0.769894,0.274977
79.841003,0.769630,0.274978
79.862999,0.769366,0.274979
79.862999,0.769447,0.275044
79.884003,0.769182,0.275043
79.884003,0.769263,0.275109
79.904999,0.768945,0.274177
79.904999,0.768681,0.274173
79.927002,0.768498,0.274233
79.927002,0.768233,0.274227
79.947998,0.768050,0.274283
79.947998,0.768103,0.275210
79.969002,0.768131,0.274346
79.969002,0.768396,0.274355
79.990997,0.768396,0.274355
79.990997,0.768343,0.273428
80.012001,0.768688,0.273499
80.012001,0.768796,0.273361
80.032997,0.768877,0.273427
80.055000,0.769253,0.272639
80.055000,0.769282,0.271778
80.075996,0.769546,0.271784
80.075996,0.769922,0.270999
80.097000,0.770267,0.271073
80.097000,0.770613,0.271148
80.097000,0.770642,0.270943
80.119003,0.771070,0.271091
80.139999,0.771793,0.270386
80.139999,0.772171,0.269607
80.161003,0.772926,0.268703
80.161003,0.773304,0.267928
80.182999,0.773651,0.268007
80.182999,0.774427,0.268250
80.204002,0.775119,0.268415
80.204002,0.775914,0.266671
80.224998,0.777109,0.265957
80.247002,0.777824,0.263494
80.247002,0.778977,0.261858
80.247002,0.780433,0.259381
80.267998,0.781856,0.257753
80.267998,0.783283,0.256130
80.289001,0.785103,0.253774
80.289001,0.786580,0.251338
80.310997,0.788104,0.248092
80.332001,0.790089,0.245692
80.332001,0.791846,0.243278
80.352997,0.794054,0.241107
80.352997,0.795836,0.239305
80.375000,0.797916,0.237827
80.375000,0.799791,0.235594
80.396004,0.802093,0.233272
80.417000,0.804105,0.230071
80.417000,0.806487,0.227016
80.417000,0.808730,0.224606
80.439003,0.811086,0.222386
80.439003,0.813269,0.220234
80.459999,0.816002,0.218189
80.459999,0.818330,0.216808
80.481003,0.821023,0.215579
80.481003,0.823266,0.214039
80.502998,0.826161,0.213533
80.524002,0.828536,0.213864
80.524002,0.831366,0.214124
80.544998,0.834019,0.215352
80.544998,0.836425,0.216226
80.567001,0.839179,0.217251
80.567001,0.841633,0.217845
80.587997,0.844294,0.217041
80.587997,0.847283,0.216873
80.609001,0.849925,0.216572
80.609001,0.852602,0.215817
80.630997,0.855154,0.215275
80.630997,0.858183,0.214710
80.652000,0.860737,0.214191
80.652000,0.863433,0.213487
80.672997,0.866134,0.212795
80.672997,0.868925,0.211408
80.695000,0.871545,0.210431
80.716003,0.874014,0.208897
80.716003,0.876488,0.206364
80.737000,0.878974,0.203853
80.737000,0.881394,0.201318
80.737000,0.884003,0.198186
80.759003,0.886660,0.194389
80.759003,0.888817,0.189773
80.779999,0.891000,0.185206
80.801003,0.893549,0.180892
80.801003,0.896024,0.176289
80.822998,0.898719,0.171553
80.822998,0.901570,0.166280
80.844002,0.904798,0.160325
80.844002,0.907756,0.155244
80.864998,0.910791,0.148404
80.864998,0.914096,0.143357
80.887001,0.917552,0.138804
80.907997,0.920453,0.135159
80.907997,0.923271,0.131219
80.907997,0.926508,0.127511
80.929001,0.929359,0.123343
80.929001,0.932752,0.118959
80.950996,0.935414,0.115065
80.950996,0.938755,0.111295
80.972000,0.941546,0.107846
80.992996,0.944616,0.105048
80.992996,0.947429,0.102450
81.014999,0.950286,0.100166
81.014999,0.953161,0.097626
81.036003,0.956391,0.094966
81.036003,0.959525,0.092002
81.056999,0.963064,0.089313
81.056999,0.966769,0.086878
81.079002,0.969942,0.084968
81.079002,0.973737,0.082967
81.099998,0.977590,0.080631
81.099998,0.980674,0.078902
81.121002,0.984634,0.076637
81.121002,0.988334,0.074356
81.142998,0.992078,0.071957
81.142998,0.995346,0.070345
81.164001,0.998366,0.069031
81.184998,0.001042,0.068347
81.184998,0.003827,0.067498
81.207001,0.006333,0.066918
81.207001,0.008992,0.066675
81.227997,0.011077,0.066203
81.227997,0.013748,0.065957
81.227997,0.015819,0.066414
81.249001,0.017445,0.066977
81.271004,0.019507,0.067428
81.271004,0.021270,0.068127
81.292000,0.023487,0.067968
81.292000,0.025538,0.068408
81.313004,0.028198,0.068138
81.313004,0.029937,0.068334
81.334999,0.032725,0.068422
81.334999,0.034639,0.068010
81.356003,0.037127,0.068335
81.376999,0.039912,0.068426
81.376999,0.042392,0.068751
81.399002,0.045280,0.069221
81.399002,0.048512,0.069237
81.399002,0.050903,0.068725
81.419998,0.054181,0.068295
81.419998,0.057735,0.068128
81.441002,0.060246,0.068010
81.441002,0.063641,0.068006
81.462997,0.066242,0.068285
81.484001,0.069152,0.068378
81.484001,0.071258,0.068736
81.504997,0.073924,0.068595
81.504997,0.076019,0.068960
81.527000,0.078686,0.068836
81.527000,0.080943,0.069333
81.547997,0.082802,0.069450
81.547997,0.085366,0.069775
81.569000,0.087220,0.069895
81.569000,0.089772,0.070228
81.591003,0.092002,0.070732
81.591003,0.094293,0.070405
81.612000,0.096514,0.070908
81.612000,0.099042,0.071255
81.633003,0.101417,0.071761
81.654999,0.103616,0.072271
81.654999,0.105656,0.073082
81.676003,0.107664,0.073330
81.676003,0.110178,0.074123
81.696999,0.111710,0.074826
81.696999,0.113895,0.075774
81.719002,0.115766,0.076868
81.719002,0.117787,0.078232
81.719002,0.119987,0.079722
81.739998,0.122176,0.081216
81.761002,0.124820,0.082239
81.761002,0.127750,0.083586
81.782997,0.131276,0.084063
81.782997,0.134311,0.084559
81.804001,0.137336,0.085061
81.804001,0.140830,0.086046
81.824997,0.143831,0.086566
81.824997,0.147123,0.087965
81.847000,0.150299,0.088614
81.867996,0.153466,0.089265
81.867996,0.156621,0.089918
81.867996,0.160222,0.091090
81.889000,0.163352,0.091751
81.889000,0.166469,0.092414
81.911003,0.169313,0.093154
81.911003,0.172308,0.094041
81.931999,0.174885,0.095175
81.953003,0.178112,0.096004
81.953003,0.180602,0.096865
81.974998,0.183845,0.097192
81.974998,0.186520,0.097722
81.996002,0.189748,0.098065
81.996002,0.192880,0.098662
82.016998,0.196307,0.098711
82.016998,0.199484,0.098810
82.039001,0.202660,0.098918
82.039001,0.205548,0.099471
82.059998,0.208715,0.099599
82.059998,0.211811,0.100264
82.081001,0.214502,0.100328
82.081001,0.217897,0.100209
82.102997,0.221056,0.100103
82.102997,0.224207,0.100279
82.124001,0.227031,0.100972
82.144997,0.229383,0.101569
82.144997,0.231958,0.102232
82.167000,0.234759,0.102917
82.167000,0.237006,0.104070
82.188004,0.239703,0.105285
82.188004,0.242253,0.105916
82.209000,0.244253,0.106976
82.209000,0.246961,0.107916
82.231003,0.249402,0.109070
82.231003,0.251170,0.110050
82.251999,0.253812,0.111241
82.251999,0.256280,0.112104
82.273003,0.258953,0.113024
82.273003,0.261357,0.114136
82.294998,0.264403,0.114268
82.294998,0.267593,0.114734
82.316002,0.270809,0.115152
82.336998,0.273685,0.116085
82.336998,0.277064,0.116880
82.359001,0.280119,0.117901
82.359001,0.282728,0.118790
82.359001,0.285311,0.119992
82.379997,0.287902,0.120874
82.379997,0.290043,0.121935
82.401001,0.292513,0.123384
82.422997,0.294869,0.125411
82.422997,0.296972,0.127433
82.444000,0.299303,0.129468
82.444000,0.301379,0.131848
82.464996,0.303859,0.134041
82.464996,0.305913,0.136090
82.487000,0.307655,0.137747
82.487000,0.309748,0.140576
82.508003,0.311776,0.143017
82.528999,0.314185,0.145249
82.528999,0.316437,0.147692
82.528999,0.318569,0.150376
82.551003,0.321296,0.152353
82.551003,0.324272,0.154697
82.571999,0.326837,0.156464
82.571999,0.329676,0.159021
82.593002,0.332863,0.160904
82.614998,0.335937,0.163431
82.614998,0.338868,0.166185
82.636002,0.341571,0.169426
82.636002,0.344603,0.171958
82.656998,0.347645,0.175396
82.656998,0.349957,0.179298
82.679001,0.352872,0.183428
82.679001,0.355182,0.188287
82.679001,0.357483,0.193168
82.699997,0.359776,0.198065
82.721001,0.362302,0.203067
82.721001,0.364474,0.207921
82.742996,0.366833,0.213174
82.742996,0.369073,0.217358
82.764000,0.371222,0.222275
82.764000,0.373450,0.227538
82.785004,0.375666,0.231762
82.806999,0.378025,0.235812
82.806999,0.380474,0.239869
82.828003,0.383052,0.243007
82.828003,0.385717,0.246127
82.848999,0.388446,0.249598
82.848999,0.390940,0.252347
82.848999,0.393652,0.255797
82.871002,0.396135,0.259655
82.871002,0.398521,0.262914
82.891998,0.400892,0.265496
82.913002,0.403022,0.268980
82.913002,0.405150,0.270646
82.934998,0.407279,0.272952
82.934998,0.409277,0.274930
82.956001,0.411573,0.277065
82.956001,0.413384,0.280352
82.976997,0.415675,0.282463
82.999001,0.417199,0.284363
82.999001,0.419015,0.286412
83.019997,0.420781,0.287401
83.019997,0.422775,0.289286
83.019997,0.424781,0.289934
83.041000,0.426775,0.291782
83.041000,0.428944,0.294028
83.063004,0.430888,0.295342
83.063004,0.433255,0.296157
83.084000,0.435142,0.298147
83.105003,0.437558,0.299386
83.105003,0.439454,0.300062
83.126999,0.441368,0.300208
83.126999,0.443137,0.300977
83.148003,0.444952,0.302254
83.148003,0.446246,0.302980
83.168999,0.447833,0.304628
83.168999,0.449173,0.305867
83.191002,0.450337,0.306770
83.191002,0.451449,0.308399
83.211998,0.452612,0.309304
83.211998,0.453991,0.311074
83.233002,0.455100,0.312702
83.233002,0.456259,0.313609
83.254997,0.457683,0.314657
83.254997,0.458955,0.315608
83.276001,0.460542,0.315974
83.296997,0.462181,0.315624
83.296997,0.464030,0.316124
83.319000,0.465667,0.315775
83.319000,0.467426,0.315439
83.339996,0.469537,0.315118
83.339996,0.471123,0.315466
83.339996,0.473273,0.315745
83.361000,0.475370,0.316727
83.383003,0.477517,0.317031
83.383003,0.479609,0.318031
83.403999,0.481871,0.319617
83.403999,0.484241,0.321397
83.425003,0.486691,0.323815
83.425003,0.489203,0.327501
83.446999,0.491394,0.331322
83.446999,0.493401,0.336297
83.468002,0.495141,0.340721
83.488998,0.496667,0.345675
83.488998,0.497980,0.351386
83.488998,0.499031,0.356316
83.511002,0.499871,0.361810
83.511002,0.500746,0.366847
83.531998,0.501643,0.370366
83.531998,0.502763,0.374022
83.553001,0.503378,0.378286
83.574997,0.504249,0.381151
83.574997,0.505342,0.384139
83.596001,0.506172,0.387683
83.596001,0.507026,0.389864
83.616997,0.508151,0.392198
83.616997,0.509040,0.393720
83.639000,0.510386,0.395321
83.639000,0.511756,0.395553
83.660004,0.513089,0.396443
83.660004,0.514422,0.397331
83.681000,0.516004,0.398913
83.681000,0.517336,0.399800
83.703003,0.518390,0.401355
83.703003,0.519274,0.402888
83.723999,0.520409,0.405134
83.723999,0.521298,0.407413
83.745003,0.522186,0.409698
83.766998,0.523077,0.412733
83.766998,0.523682,0.415682
83.788002,0.524114,0.418645
83.788002,0.524541,0.420865
83.808998,0.524964,0.422338
83.808998,0.525152,0.425106
83.831001,0.525300,0.427222
83.831001,0.525696,0.430087
83.851997,0.525846,0.433710
83.851997,0.526035,0.436495
83.873001,0.526212,0.438729
83.873001,0.526158,0.440760
83.894997,0.526555,0.442877
83.894997,0.526503,0.444911
83.916000,0.526658,0.447021
83.916000,0.527058,0.449135
83.936996,0.526985,0.452570
83.959000,0.526913,0.456008
83.959000,0.527073,0.458112
83.980003,0.527026,0.460914
83.980003,0.527227,0.462969
83.980003,0.527638,0.464320
84.000999,0.527785,0.467058
84.000999,0.528199,0.468402
84.023003,0.528860,0.469756
84.043999,0.529273,0.471861
84.043999,0.529687,0.473963
84.065002,0.530116,0.475429
84.065002,0.530531,0.477528
84.086998,0.530960,0.478992
84.086998,0.531382,0.480316
84.108002,0.531788,0.483040
84.108002,0.531754,0.485851
84.128998,0.532162,0.489489
84.151001,0.532567,0.492984
84.151001,0.532527,0.496570
84.151001,0.532919,0.501468
84.171997,0.533125,0.505568
84.171997,0.533288,0.509653
84.193001,0.533233,0.515902
84.193001,0.533184,0.521519
84.214996,0.533137,0.526504
84.214996,0.533088,0.531485
84.236000,0.532841,0.537100
84.257004,0.532808,0.541302
84.257004,0.532782,0.546128
84.278999,0.532558,0.550971
84.278999,0.532530,0.557184
84.300003,0.532028,0.563499
84.300003,0.531793,0.569100
84.300003,0.531311,0.574631
84.320999,0.531070,0.581605
84.343002,0.530608,0.587738
84.343002,0.529938,0.595291
84.363998,0.529494,0.603656
84.363998,0.529010,0.611847
84.385002,0.528320,0.620073
84.385002,0.527940,0.628244
84.406998,0.527318,0.636294
84.406998,0.527133,0.643698
84.428001,0.526453,0.651782
84.448997,0.526062,0.659214
84.448997,0.525674,0.665303
84.471001,0.525035,0.671259
84.471001,0.524606,0.676704
84.471001,0.524187,0.682484
84.491997,0.523757,0.687884
84.491997,0.523544,0.691854
84.513000,0.523112,0.697215
84.535004,0.522898,0.701152
84.535004,0.522687,0.706330
84.556000,0.522473,0.710230
84.556000,0.522311,0.713448
84.577003,0.522299,0.716877
84.577003,0.522193,0.719415
84.598999,0.522035,0.722606
84.598999,0.522162,0.724977
84.620003,0.522127,0.728062
84.640999,0.521970,0.730005
84.640999,0.521822,0.733158
84.640999,0.521667,0.735092
84.663002,0.521521,0.738226
84.663002,0.521378,0.741348
84.683998,0.521003,0.744626
84.683998,0.520863,0.747725
84.705002,0.520427,0.751610
84.726997,0.520225,0.755304
84.726997,0.520086,0.758358
84.748001,0.519872,0.760856
84.748001,0.519736,0.763885
84.768997,0.519873,0.767051
84.768997,0.519728,0.768911
84.791000,0.519597,0.771904
84.791000,0.519742,0.775034
84.811996,0.519616,0.777998
84.811996,0.519767,0.781100
84.833000,0.519940,0.785295
84.833000,0.520644,0.789419
84.855003,0.520813,0.792461
84.855003,0.520910,0.796067
84.875999,0.521185,0.799571
84.875999,0.521470,0.803051
84.897003,0.521685,0.807071
84.918999,0.521906,0.811056
84.918999,0.522109,0.813974
84.940002,0.521981,0.817635
84.940002,0.522106,0.821063
84.960999,0.522235,0.824465
84.960999,0.522366,0.827840
84.960999,0.522620,0.831640
84.983002,0.522625,0.835616
85.003998,0.523072,0.840156
85.003998,0.523356,0.843835
85.025002,0.523288,0.848202
85.025002,0.523221,0.852517
85.046997,0.523707,0.855809
85.046997,0.523503,0.859622
85.068001,0.524150,0.863252
85.068001,0.524332,0.866281
85.088997,0.524510,0.869419
85.111000,0.524763,0.872767
85.111000,0.524963,0.875700
85.111000,0.524886,0.878824
85.132004,0.525095,0.881693
85.132004,0.525145,0.884303
85.153000,0.525364,0.887111
85.153000,0.525535,0.889090
85.175003,0.525172,0.890542
85.195999,0.525344,0.892495
85.195999,0.525105,0.893497
85.217003,0.525413,0.895001
85.217003,0.525362,0.896339
85.238998,0.525872,0.898165
85.238998,0.526197,0.899636
85.260002,0.526159,0.900946
85.260002,0.526559,0.903142
85.280998,0.527143,0.905137
85.280998,0.527288,0.906239
85.303001,0.527122,0.907910
85.303001,0.527574,0.908777
85.323997,0.528083,0.909777
85.323997,0.528068,0.911022
85.345001,0.528608,0.912575
85.345001,0.528995,0.913943
85.366997,0.529389,0.915301
85.388000,0.529791,0.916648
85.388000,0.530023,0.916944
85.408997,0.529487,0.918065
85.408997,0.529108,0.919338
85.431000,0.528644,0.921109
85.431000,0.528253,0.922357
85.452003,0.528352,0.923871
85.452003,0.528361,0.925018
85.452003,0.527630,0.926230
85.473000,0.527568,0.927849
85.495003,0.526923,0.929391
85.495003,0.526360,0.931537
85.515999,0.525697,0.933305
85.515999,0.525120,0.935394
85.537003,0.524536,0.937451
85.537003,0.524229,0.939732
85.558998,0.523830,0.941409
85.580002,0.523433,0.943065
85.580002,0.522832,0.945007
85.600998,0.522287,0.946484
85.600998,0.521882,0.948075
85.600998,0.521258,0.949934
85.623001,0.520624,0.951760
85.623001,0.521102,0.953217
85.643997,0.520466,0.954986
85.643997,0.520978,0.956396
85.665001,0.520751,0.957925
85.686996,0.520933,0.959085
85.686996,0.520714,0.960565
85.708000,0.520914,0.961690
85.708000,0.520575,0.962683
85.728996,0.520897,0.963608
85.728996,0.520565,0.964577
85.750999,0.521073,0.965409
85.772003,0.521190,0.966183
85.772003,0.521896,0.967059
85.772003,0.522176,0.968092
85.792999,0.522323,0.968834
85.792999,0.523368,0.969448
85.815002,0.523082,0.970006
85.815002,0.523409,0.970664
85.835999,0.523588,0.971374
85.835999,0.524704,0.971958
85.857002,0.524445,0.972812
85.878998,0.525113,0.973227
85.878998,0.524837,0.973751
85.900002,0.525063,0.974419
85.900002,0.525491,0.975330
85.920998,0.526425,0.976069
85.920998,0.526849,0.976657
85.920998,0.526639,0.977437
85.943001,0.526751,0.978200
85.963997,0.527271,0.979042
85.963997,0.527587,0.979634
85.985001,0.528156,0.980447
85.985001,0.529274,0.981099
86.007004,0.529913,0.981881
86.007004,0.529572,0.982704
86.028000,0.529060,0.983543
86.028000,0.529629,0.984031
86.049004,0.529261,0.984805
86.070999,0.529132,0.985435
86.070999,0.530476,0.985995
86.092003,0.532377,0.986762
86.092003,0.533271,0.987414
86.092003,0.533575,0.987983
86.112999,0.532739,0.988454
86.112999,0.533042,0.988999
86.135002,0.533188,0.989511
86.155998,0.534891,0.989980
86.155998,0.535598,0.990378
86.177002,0.536792,0.990931
86.177002,0.537077,0.991396
86.198997,0.538576,0.991934
86.198997,0.539253,0.992102
86.220001,0.542126,0.992661
86.220001,0.542612,0.993079
86.240997,0.545525,0.993337
86.263000,0.546846,0.993640
86.263000,0.546847,0.993894
86.263000,0.546138,0.994235
86.283997,0.547582,0.994515
86.283997,0.548219,0.994886
86.305000,0.551224,0.995193
86.305000,0.551640,0.995619
86.327003,0.553471,0.995860
86.348000,0.554815,0.996178
86.348000,0.556097,0.996476
86.369003,0.557666,0.996768
86.369003,0.559054,0.997047
86.390999,0.561560,0.997240
86.390999,0.566111,0.997446
86.412003,0.567729,0.997534
86.412003,0.566335,0.997666
86.432999,0.564862,0.997794
86.432999,0.566248,0.997877
86.455002,0.567027,0.998020
86.455002,0.568549,0.998098
86.475998,0.570140,0.998174
86.475998,0.575240,0.998206
86.497002,0.574648,0.998265
86.497002,0.572122,0.998248
86.518997,0.574797,0.998261
86.540001,0.574797,0.998261
86.540001,0.572122,0.998248
86.560997,0.573530,0.998132
86.560997,0.574116,0.998071
86.583000,0.572176,0.997994
86.583000,0.572176,0.997994
86.583000,0.569691,0.997979
86.603996,0.567377,0.997958
86.625000,0.565849,0.998078
86.625000,0.565134,0.998138
86.647003,0.562744,0.998117
86.647003,0.560999,0.998231
86.667999,0.560999,0.998231
86.667999,0.557553,0.998269
86.689003,0.554019,0.998299
86.689003,0.551433,0.998278
86.710999,0.550438,0.998333
86.732002,0.551892,0.998405
86.732002,0.548173,0.998437
86.732002,0.550860,0.998457
86.752998,0.549240,0.998384
86.752998,0.549240,0.998384
86.775002,0.546511,0.998230
86.775002,0.547534,0.998174
86.795998,0.545027,0.998010
86.817001,0.543694,0.997777
86.817001,0.542655,0.997535
86.838997,0.540665,0.997344
86.838997,0.538817,0.997144
86.860001,0.537096,0.996937
86.860001,0.537297,0.996757
86.880997,0.535730,0.996536
86.880997,0.534262,0.996306
86.903000,0.533721,0.996188
86.903000,0.533999,0.995988
86.924004,0.530485,0.995773
86.924004,0.527542,0.995677
86.945000,0.527809,0.995473
86.945000,0.527522,0.995121
86.967003,0.527597,0.994896
86.967003,0.526595,0.994615
86.987999,0.526522,0.994242
87.009003,0.524468,0.993879
87.009003,0.524887,0.993625
87.030998,0.524058,0.993312
87.030998,0.523268,0.992990
87.052002,0.523150,0.992553
87.052002,0.523035,0.992102
87.072998,0.520277,0.991610
87.072998,0.520716,0.991314
87.072998,0.519499,0.991065
87.095001,0.518151,0.990794
87.115997,0.518167,0.990295
87.115997,0.517918,0.989604
87.137001,0.517930,0.989073
87.137001,0.516231,0.988356
87.158997,0.516273,0.987795
87.158997,0.515812,0.987360
87.180000,0.515856,0.986777
87.180000,0.516536,0.986059
87.200996,0.515825,0.985094
87.223000,0.515457,0.983973
87.223000,0.514491,0.982685
87.223000,0.513444,0.981386
87.244003,0.513562,0.979962
87.244003,0.512746,0.978525
87.264999,0.511102,0.977076
87.264999,0.510332,0.974975
87.287003,0.508486,0.972918
87.307999,0.507377,0.970075
87.307999,0.506147,0.966744
87.329002,0.505044,0.963241
87.329002,0.504422,0.958932
87.350998,0.504032,0.954544
87.350998,0.503775,0.949513
87.372002,0.503989,0.944381
87.392998,0.503772,0.938861
87.392998,0.503892,0.932292
87.392998,0.504052,0.925780
87.415001,0.504343,0.918263
87.415001,0.504614,0.910619
87.435997,0.505036,0.902278
87.435997,0.504652,0.894070
87.457001,0.504469,0.885351
87.457001,0.504623,0.876106
87.478996,0.504620,0.866327
87.500000,0.504224,0.856541
87.500000,0.504667,0.845829
87.521004,0.504714,0.835137
87.521004,0.505265,0.824288
87.542999,0.506109,0.814353
87.542999,0.506850,0.804757
87.564003,0.507540,0.793901
87.564003,0.507990,0.783458
87.584999,0.508300,0.773586
87.584999,0.508591,0.762410
87.607002,0.508682,0.752419
87.607002,0.508815,0.743480
87.627998,0.508934,0.733232
87.627998,0.509650,0.724614
87.649002,0.510105,0.714854
87.649002,0.510183,0.705001
87.670998,0.510222,0.695712
87.692001,0.510297,0.685674
87.692001,0.510338,0.676228
87.712997,0.510545,0.666848
87.712997,0.510763,0.657397
87.712997,0.510774,0.647118
87.735001,0.511033,0.636845
87.735001,0.511298,0.626509
87.755997,0.511180,0.615410
87.777000,0.511008,0.604308
87.777000,0.510811,0.592490
87.799004,0.510379,0.580036
87.799004,0.510160,0.566770
87.820000,0.510199,0.553479
87.820000,0.510246,0.538742
87.841003,0.510340,0.525338
87.841003,0.510227,0.511952
87.862999,0.510128,0.499235
87.884003,0.510041,0.487247
87.884003,0.509754,0.475993
87.884003,0.509928,0.465487
87.904999,0.510119,0.456320
87.904999,0.510551,0.447914
87.927002,0.510736,0.440133
87.927002,0.510913,0.430965
87.947998,0.510647,0.424626
87.969002,0.510818,0.418948
87.969002,0.510780,0.415453
87.990997,0.511221,0.412657
87.990997,0.511435,0.408430
88.012001,0.512150,0.404237
88.012001,0.512610,0.399420
88.032997,0.512880,0.395268
88.032997,0.513586,0.390399
88.032997,0.514061,0.386996
88.055000,0.514779,0.383520
88.075996,0.515503,0.381415
88.075996,0.516230,0.379316
88.097000,0.517236,0.376021
88.097000,0.518246,0.374105
88.119003,0.519288,0.372033
88.119003,0.520279,0.369436
88.139999,0.521206,0.368114
88.161003,0.522409,0.367435
88.161003,0.523332,0.367470
88.182999,0.524104,0.367510
88.182999,0.525124,0.367041
88.204002,0.526144,0.366587
88.204002,0.526954,0.366042
88.204002,0.527977,0.365619
88.224998,0.528985,0.366555
88.247002,0.529492,0.368069
88.247002,0.530288,0.368916
88.267998,0.530851,0.370580
88.267998,0.531391,0.371512
88.289001,0.531527,0.372533
88.289001,0.531849,0.372930
88.310997,0.532177,0.373765
88.310997,0.532235,0.373908
88.332001,0.532268,0.375402
88.352997,0.532528,0.375665
88.352997,0.532782,0.375618
88.375000,0.532838,0.375765
88.375000,0.532838,0.375765
88.375000,0.533311,0.376589
88.396004,0.533367,0.376738
88.396004,0.533584,0.377608
88.417000,0.533893,0.377719
88.417000,0.534364,0.378552
88.439003,0.534631,0.379267
88.459999,0.534833,0.379388
88.459999,0.535101,0.380105
88.481003,0.535599,0.379593
88.481003,0.535853,0.379876
88.502998,0.536406,0.379213
88.502998,0.536916,0.379469
88.524002,0.537425,0.379730
88.524002,0.537933,0.379995
88.544998,0.538699,0.380238
88.544998,0.539163,0.381100
88.567001,0.539928,0.381356
88.567001,0.540435,0.381642
88.587997,0.541093,0.382643
88.587997,0.541813,0.383498
88.609001,0.542323,0.384568
88.609001,0.543042,0.385435
88.630997,0.543500,0.386321
88.652000,0.544411,0.387325
88.652000,0.545128,0.388206
88.672997,0.545581,0.388323
88.672997,0.545994,0.389791
88.695000,0.546449,0.390689
88.695000,0.546862,0.392160
88.695000,0.546825,0.394296
88.716003,0.547237,0.395769
88.737000,0.547197,0.397125
88.737000,0.547609,0.398600
88.759003,0.547569,0.399171
88.759003,0.547981,0.400646
88.779999,0.547904,0.402578
88.779999,0.548056,0.404055
88.801003,0.548018,0.405417
88.801003,0.547980,0.405990
88.822998,0.548132,0.406676
88.844002,0.548356,0.407247
88.844002,0.548356,0.407247
88.844002,0.548768,0.407929
88.864998,0.548696,0.409075
88.864998,0.549109,0.409753
88.887001,0.549074,0.410326
88.887001,0.549192,0.411578
88.907997,0.549418,0.412147
88.929001,0.549834,0.413615
88.929001,0.549954,0.414862
88.950996,0.550149,0.416003
88.950996,0.550303,0.415878
88.972000,0.550499,0.417016
88.972000,0.550655,0.417685
88.992996,0.550624,0.418257
88.992996,0.550854,0.418823
89.014999,0.551010,0.419489
89.014999,0.550977,0.419262
89.036003,0.550947,0.419834
89.036003,0.551178,0.420398
89.056999,0.551335,0.421061
89.056999,0.551277,0.422204
89.079002,0.551248,0.422777
89.079002,0.550959,0.423359
89.099998,0.550931,0.423933
89.121002,0.550931,0.423933
89.121002,0.550716,0.424422
89.142998,0.550903,0.424507
89.142998,0.550876,0.425081
89.164001,0.550849,0.425655
89.164001,0.551079,0.425417
89.184998,0.551265,0.425499
89.184998,0.551235,0.425272
89.207001,0.551495,0.425259
89.207001,0.551495,0.425259
89.227997,0.551682,0.425340
89.227997,0.551656,0.425913
89.249001,0.551912,0.425097
89.249001,0.551881,0.424867
89.271004,0.551876,0.424065
89.271004,0.551850,0.424638
89.292000,0.551850,0.424638
89.313004,0.551818,0.424408
89.313004,0.551557,0.424427
89.334999,0.551084,0.424940
89.334999,0.550642,0.425681
89.334999,0.550381,0.425699
89.356003,0.549771,0.424984
89.356003,0.549037,0.425522
89.376999,0.548330,0.425482
89.399002,0.547598,0.426027
89.399002,0.546701,0.425914
89.419998,0.545521,0.426412
89.419998,0.544616,0.425516
89.441002,0.543436,0.426027
89.441002,0.542281,0.425950
89.462997,0.540924,0.425018
89.462997,0.539319,0.424899
89.484001,0.538156,0.424055
89.504997,0.536551,0.423946
89.504997,0.534914,0.423686
89.504997,0.533310,0.423592
89.527000,0.531932,0.424092
89.527000,0.530295,0.423874
89.547997,0.528939,0.423767
89.547997,0.527301,0.423576
89.569000,0.525910,0.423366
89.591003,0.524307,0.423318
89.591003,0.522914,0.423133
89.612000,0.521291,0.423747
89.612000,0.520143,0.423743
89.633003,0.519004,0.424288
89.633003,0.517837,0.424947
89.654999,0.516672,0.425612
89.654999,0.515550,0.425519
89.654999,0.514405,0.425531
89.676003,0.513498,0.425501
89.696999,0.512370,0.426241
89.696999,0.511463,0.426212
89.719002,0.510556,0.426184
89.719002,0.509664,0.426875
89.739998,0.508738,0.427525
89.739998,0.507831,0.427501
89.761002,0.506924,0.427478
89.782997,0.506016,0.427455
89.782997,0.505109,0.427434
89.804001,0.504216,0.428122
89.804001,0.503308,0.428102
89.824997,0.502626,0.428137
89.824997,0.501703,0.427417
89.824997,0.500796,0.427402
89.847000,0.500100,0.426642
89.847000,0.499208,0.427326
89.867996,0.498528,0.427368
89.889000,0.497847,0.427308
89.889000,0.496939,0.427298
89.911003,0.496015,0.426599
89.911003,0.495337,0.426646
89.931999,0.494653,0.426591
89.931999,0.493746,0.426586
89.953003,0.492855,0.425870
89.953003,0.491948,0.425866
89.974998,0.491040,0.425864
89.996002,0.490603,0.426539
89.996002,0.489713,0.427211
89.996002,0.489042,0.426435
90.016998,0.488370,0.426483
90.016998,0.487681,0.426428
90.039001,0.487227,0.426427
90.039001,0.486774,0.426425
90.059998,0.486337,0.427091
90.081001,0.485883,0.427089
90.081001,0.485447,0.426359
90.102997,0.485210,0.426306
90.102997,0.485010,0.427021
90.124001,0.484790,0.426238
90.124001,0.484574,0.426288
90.144997,0.484590,0.426951
90.144997,0.484574,0.426288
90.167000,0.484353,0.426897
90.167000,0.484353,0.426897
90.188004,0.484155,0.426215
90.188004,0.484155,0.426215
90.209000,0.483917,0.426161
90.209000,0.483702,0.426210
90.231003,0.483717,0.426871
90.251999,0.483479,0.426816
90.251999,0.483495,0.427478
90.273003,0.483280,0.427525
90.273003,0.483295,0.428186
90.294998,0.483295,0.428186
90.294998,0.483075,0.427397
90.316002,0.483075,0.427397
90.316002,0.483075,0.427397
90.316002,0.483090,0.428058
90.336998,0.483072,0.428792
90.359001,0.483090,0.428058
90.359001,0.483090,0.428058
90.379997,0.482875,0.428104
90.379997,0.482894,0.427370
90.401001,0.482894,0.427370
90.401001,0.482655,0.427314
90.422997,0.482655,0.427314
90.422997,0.482202,0.427303
90.444000,0.482217,0.427961
90.464996,0.481764,0.427950
90.464996,0.481325,0.428595
90.464996,0.480873,0.428584
90.487000,0.480420,0.428572
90.487000,0.479967,0.428561
90.508003,0.479500,0.427898
90.508003,0.478788,0.428575
90.528999,0.478368,0.428473
90.551003,0.477445,0.429198
90.551003,0.477008,0.429836
90.571999,0.476313,0.429773
90.571999,0.475651,0.429809
90.593002,0.474956,0.429747
90.593002,0.474501,0.431131
90.614998,0.474049,0.431123
90.614998,0.473350,0.432456
90.636002,0.472692,0.432492
90.636002,0.472446,0.432441
90.656998,0.471995,0.432433
90.656998,0.471772,0.433235
90.679001,0.471528,0.431792
90.679001,0.471528,0.431792
90.699997,0.471062,0.431154
90.699997,0.471046,0.431912
90.721001,0.471046,0.431912
90.742996,0.470799,0.431863
90.742996,0.470594,0.431909
90.764000,0.470611,0.431150
90.764000,0.470594,0.431909
90.785004,0.470348,0.431859
90.785004,0.470143,0.431906
90.806999,0.470143,0.431906
90.806999,0.470127,0.432667
90.828003,0.470111,0.433428
90.828003,0.470111,0.433428
90.848999,0.470563,0.433430
90.848999,0.471013,0.434824
90.871002,0.471710,0.434874
90.871002,0.472598,0.434243
90.891998,0.474182,0.435051
90.891998,0.475988,0.435061
90.913002,0.478022,0.435870
90.934998,0.480312,0.435804
90.934998,0.482826,0.436552
90.956001,0.485358,0.435190
90.956001,0.487668,0.434477
90.956001,0.490403,0.433862
90.976997,0.492925,0.431908
90.976997,0.495433,0.431274
90.999001,0.497968,0.430055
91.019997,0.500266,0.430199
91.019997,0.502564,0.430370
91.041000,0.504638,0.430501
91.041000,0.506482,0.430684
91.063004,0.508326,0.430888
91.063004,0.509715,0.431066
91.084000,0.511104,0.431258
91.084000,0.512252,0.432061
91.105003,0.513188,0.432225
91.126999,0.514365,0.433111
91.126999,0.515495,0.434767
91.126999,0.516638,0.434872
91.148003,0.517754,0.435067
91.148003,0.518921,0.434522
91.168999,0.520276,0.434710
91.168999,0.521445,0.434177
91.191002,0.522616,0.433651
91.191002,0.523999,0.433961
91.211998,0.524901,0.434101
91.233002,0.526073,0.433596
91.233002,0.526975,0.433740
91.254997,0.528123,0.433878
91.254997,0.529024,0.434024
91.276001,0.529950,0.432781
91.276001,0.530850,0.432930
91.276001,0.531575,0.432376
91.296997,0.532477,0.433296
91.319000,0.533176,0.433370
91.319000,0.533653,0.432830
91.339996,0.534103,0.432909
91.339996,0.534579,0.432373
91.361000,0.535029,0.432454
91.361000,0.535279,0.431679
91.383003,0.535756,0.431147
91.383003,0.536007,0.431144
91.403999,0.536205,0.431229
91.425003,0.536484,0.430616
91.425003,0.536484,0.430616
91.446999,0.536933,0.429924
91.446999,0.536933,0.429924
91.446999,0.537383,0.430007
91.468002,0.537606,0.429835
91.468002,0.537831,0.429313
91.488998,0.538084,0.429310
91.511002,0.538281,0.429396
91.511002,0.539011,0.428873
91.531998,0.539264,0.428870
91.531998,0.539909,0.429043
91.553001,0.540612,0.429126
91.553001,0.541510,0.429298
91.574997,0.542469,0.429382
91.596001,0.543367,0.429556
91.596001,0.544520,0.430522
91.616997,0.545892,0.430202
91.616997,0.547102,0.430013
91.616997,0.548729,0.430521
91.639000,0.550142,0.430730
91.639000,0.551743,0.431033
91.660004,0.553556,0.430862
91.660004,0.555447,0.430624
91.681000,0.557075,0.430388
91.703003,0.558998,0.429625
91.703003,0.560923,0.428886
91.723999,0.562552,0.428698
91.723999,0.564447,0.428540
91.745003,0.565926,0.428572
91.745003,0.567823,0.428450
91.766998,0.569304,0.428526
91.766998,0.570922,0.429248
91.788002,0.572107,0.429018
91.788002,0.573565,0.428827
91.808998,0.574750,0.428614
91.808998,0.575902,0.428916
91.831001,0.576648,0.428580
91.831001,0.577395,0.428248
91.851997,0.577821,0.429232
91.851997,0.578096,0.429268
91.873001,0.578259,0.429371
91.894997,0.578247,0.430218
91.894997,0.578214,0.430719
91.916000,0.577743,0.431083
91.916000,0.577457,0.431893
91.936996,0.577261,0.432297
91.936996,0.576680,0.432731
91.936996,0.576210,0.433104
91.959000,0.575772,0.432971
91.980003,0.575028,0.433315
91.980003,0.574754,0.433282
92.000999,0.574294,0.432822
92.000999,0.573551,0.433177
92.023003,0.573111,0.433050
92.023003,0.572817,0.432696
92.043999,0.572377,0.432571
92.043999,0.571915,0.432127
92.065002,0.571643,0.432100
92.086998,0.571203,0.431978
92.086998,0.570901,0.432473
92.086998,0.570460,0.432352
92.108002,0.570158,0.432850
92.108002,0.569725,0.431896
92.128998,0.569725,0.431896
92.128998,0.569432,0.431564
92.151001,0.568991,0.431448
92.171997,0.568991,0.431448
92.171997,0.568556,0.430499
92.193001,0.568525,0.431027
92.193001,0.568255,0.431006
92.214996,0.567820,0.430061
92.214996,0.567790,0.430591
92.236000,0.567520,0.430572
92.236000,0.567048,0.430992
92.257004,0.567048,0.430992
92.257004,0.566749,0.431507
92.278999,0.566576,0.431415
92.278999,0.566307,0.431398
92.300003,0.565870,0.430461
92.300003,0.565840,0.430997
92.320999,0.565571,0.430981
92.320999,0.565129,0.430875
92.343002,0.565099,0.431412
92.363998,0.564656,0.431307
92.363998,0.564388,0.431292
92.385002,0.563916,0.431728
92.385002,0.563649,0.431715
92.406998,0.563181,0.431331
92.406998,0.562737,0.431230
92.428001,0.562294,0.431128
92.428001,0.561583,0.431017
92.448997,0.561110,0.431465
92.448997,0.560397,0.432175
92.471001,0.559243,0.431966
92.471001,0.558508,0.431597
92.491997,0.557326,0.431955
92.491997,0.555727,0.431665
92.513000,0.554545,0.432038
92.513000,0.552917,0.432328
92.535004,0.551290,0.431826
92.556000,0.549402,0.432141
92.556000,0.547516,0.431675
92.577003,0.545249,0.431066
92.577003,0.542916,0.431356
92.577003,0.540110,0.432195
92.598999,0.537585,0.432453
92.598999,0.535033,0.433347
92.620003,0.532237,0.435055
92.620003,0.529713,0.435384
92.640999,0.527165,0.436368
92.663002,0.524642,0.436743
92.663002,0.522114,0.436390
92.683998,0.519570,0.437464
92.683998,0.517029,0.438570
92.705002,0.514964,0.439081
92.705002,0.512690,0.440275
92.726997,0.510609,0.441488
92.726997,0.508311,0.442667
92.748001,0.506476,0.442503
92.748001,0.504188,0.442330
92.768997,0.502133,0.442942
92.768997,0.500307,0.443540
92.791000,0.498934,0.444172
92.791000,0.497309,0.444774
92.811996,0.496140,0.445493
92.811996,0.494755,0.446875
92.833000,0.493827,0.446877
92.855003,0.492692,0.446815
92.855003,0.491777,0.446112
92.875999,0.491105,0.446138
92.875999,0.490421,0.446089
92.897003,0.489956,0.446805
92.897003,0.489515,0.447478
92.897003,0.489063,0.447471
92.918999,0.488832,0.448231
92.940002,0.488611,0.447464
92.940002,0.488391,0.448901
92.960999,0.488401,0.449578
92.960999,0.488411,0.450254
92.983002,0.488639,0.450901
92.983002,0.488882,0.451619
93.003998,0.488891,0.452297
93.003998,0.489351,0.452989
93.025002,0.489573,0.455050
93.046997,0.490022,0.457259
93.046997,0.490480,0.457956
93.068001,0.490950,0.457932
93.068001,0.491407,0.458634
93.068001,0.491633,0.459300
93.088997,0.492084,0.459320
93.088997,0.492536,0.459340
93.111000,0.492766,0.459379
93.132004,0.493236,0.459371
93.132004,0.493236,0.459371
93.153000,0.493470,0.458635
93.153000,0.493483,0.457917
93.175003,0.493713,0.457959
93.175003,0.493713,0.457959
93.195999,0.493948,0.457225
93.195999,0.493934,0.457941
93.217003,0.494164,0.457984
93.238998,0.494169,0.458675
93.238998,0.494148,0.460799
93.238998,0.494140,0.462207
93.260002,0.494120,0.464332
93.260002,0.494563,0.465766
93.280998,0.494567,0.466459
93.280998,0.494555,0.467176
93.303001,0.494112,0.465742
93.323997,0.494112,0.465742
93.323997,0.493662,0.465718
93.345001,0.493436,0.466372
93.345001,0.493215,0.466384
93.366997,0.492764,0.466359
93.366997,0.492753,0.467079
93.388000,0.492305,0.467744
93.388000,0.491855,0.467719
93.408997,0.491847,0.469129
93.408997,0.491386,0.469828
93.431000,0.490928,0.471215
93.431000,0.490470,0.472601
93.452003,0.490230,0.473981
93.452003,0.490004,0.475399
93.473000,0.489556,0.476058
93.473000,0.489098,0.477444
93.495003,0.488639,0.478150
93.515999,0.488407,0.478803
93.515999,0.487957,0.479458
93.537003,0.487741,0.479460
93.537003,0.487291,0.480112
93.558998,0.487049,0.480818
93.558998,0.486599,0.480793
93.558998,0.486149,0.480767
93.580002,0.485690,0.482153
93.600998,0.485240,0.482127
93.600998,0.484791,0.482774
93.623001,0.484341,0.482747
93.623001,0.483442,0.482694
93.643997,0.482992,0.483336
93.643997,0.482305,0.483282
93.665001,0.481635,0.483999
93.665001,0.480948,0.483947
93.686996,0.480049,0.483895
93.708000,0.479143,0.484594
93.708000,0.478244,0.484544
93.708000,0.477555,0.484494
93.728996,0.476649,0.485854
93.728996,0.475744,0.486562
93.750999,0.474846,0.487163
93.750999,0.473942,0.487874
93.772003,0.473243,0.489237
93.792999,0.472339,0.489953
93.792999,0.471641,0.490677
93.815002,0.470744,0.490632
93.815002,0.470289,0.492016
93.835999,0.469387,0.492742
93.835999,0.468692,0.493337
93.857002,0.467788,0.494697
93.857002,0.467094,0.494657
93.878998,0.466196,0.495238
93.878998,0.465296,0.495968
93.900002,0.464598,0.496553
93.900002,0.463703,0.496503
93.920998,0.462557,0.497056
93.920998,0.461660,0.497621
93.943001,0.460959,0.498192
93.943001,0.460066,0.498136
93.963997,0.459164,0.499481
93.985001,0.458462,0.500044
93.985001,0.457565,0.500590
94.007004,0.456608,0.501129
94.007004,0.455707,0.502268
94.028000,0.454810,0.502798
94.028000,0.454092,0.504740
94.049004,0.453385,0.505280
94.049004,0.452482,0.506600
94.049004,0.452025,0.507957
94.070999,0.451573,0.508508
94.092003,0.451308,0.509080
94.092003,0.450850,0.510434
94.112999,0.450391,0.511785
94.112999,0.450125,0.512356
94.135002,0.449662,0.513482
94.135002,0.448945,0.514811
94.155998,0.448491,0.515345
94.177002,0.448216,0.516721
94.177002,0.447750,0.517833
94.198997,0.447548,0.519190
94.198997,0.447272,0.520564
94.198997,0.446551,0.521885
94.220001,0.446533,0.523276
94.220001,0.446058,0.525187
94.240997,0.445779,0.526561
94.240997,0.445326,0.528135
94.263000,0.445308,0.529524
94.283997,0.445289,0.530913
94.283997,0.445006,0.533107
94.305000,0.445002,0.533923
94.305000,0.444816,0.534691
94.327003,0.444996,0.535556
94.327003,0.445255,0.536379
94.348000,0.445237,0.537766
94.369003,0.445679,0.538638
94.369003,0.445940,0.538643
94.369003,0.446105,0.540082
94.390999,0.446364,0.540899
94.390999,0.446791,0.542342
94.412003,0.447235,0.543210
94.412003,0.447644,0.545231
94.432999,0.447886,0.545810
94.432999,0.448052,0.547254
94.455002,0.448478,0.548701
94.475998,0.448699,0.549859
94.475998,0.449124,0.550501
94.497002,0.449550,0.551145
94.497002,0.449788,0.551727
94.518997,0.450234,0.551793
94.518997,0.450680,0.551858
94.518997,0.450868,0.551922
94.540001,0.451126,0.551923
94.560997,0.451572,0.551988
94.560997,0.451830,0.552789
94.583000,0.451998,0.553441
94.583000,0.451998,0.554241
94.603996,0.452256,0.554240
94.603996,0.452256,0.555039
94.625000,0.452257,0.555838
94.625000,0.452280,0.556050
94.647003,0.452281,0.556849
94.667999,0.452281,0.556849
94.667999,0.452283,0.557648
94.689003,0.452286,0.558446
94.689003,0.452264,0.559032
94.689003,0.452456,0.559899
94.710999,0.452436,0.561283
94.710999,0.452439,0.562081
94.732002,0.452678,0.563454
94.752998,0.452848,0.564909
94.752998,0.453109,0.565693
94.775002,0.453538,0.567134
94.775002,0.453709,0.568590
94.795998,0.454419,0.569429
94.795998,0.454849,0.570870
94.817001,0.455278,0.572311
94.817001,0.455983,0.572354
94.838997,0.456407,0.573007
94.860001,0.456837,0.574448
94.860001,0.457516,0.575086
94.860001,0.458166,0.576011
94.880997,0.458597,0.577453
94.880997,0.459309,0.578273
94.903000,0.459766,0.579113
94.903000,0.460198,0.580551
94.924004,0.460629,0.581989
94.945000,0.461343,0.582798
94.945000,0.461784,0.585007
94.967003,0.462217,0.586441
94.967003,0.462678,0.587269
94.987999,0.463112,0.588702
94.987999,0.463564,0.588758
95.009003,0.464279,0.589549
95.009003,0.464932,0.589691
95.030998,0.465648,0.590476
95.030998,0.466554,0.590581
95.052002,0.467270,0.591359
95.052002,0.467926,0.591496
95.072998,0.468670,0.591649
95.072998,0.469827,0.591705
95.095001,0.470734,0.591798
95.095001,0.471450,0.592556
95.115997,0.472357,0.592645
95.137001,0.473512,0.592691
95.137001,0.474615,0.592115
95.158997,0.475797,0.591523
95.158997,0.476707,0.591604
95.180000,0.478071,0.591724
95.180000,0.479251,0.591114
95.180000,0.480616,0.591224
95.200996,0.481767,0.591250
95.223000,0.483118,0.590625
95.223000,0.484483,0.590729
95.244003,0.485643,0.589366
95.244003,0.486994,0.588742
95.264999,0.488141,0.588761
95.264999,0.489516,0.587470
95.287003,0.490881,0.587560
95.287003,0.491777,0.586907
95.307999,0.493142,0.586995
95.329002,0.494285,0.587005
95.329002,0.495180,0.586356
95.329002,0.496315,0.586486
95.350998,0.497455,0.586493
95.350998,0.498592,0.586618
95.372002,0.499715,0.585926
95.372002,0.500829,0.586744
95.392998,0.501967,0.586747
95.392998,0.503130,0.586170
95.415001,0.504242,0.586868
95.435997,0.505384,0.586987
95.435997,0.506733,0.586372
95.457001,0.508099,0.586438
95.457001,0.509464,0.586501
95.478996,0.510829,0.586561
95.478996,0.512649,0.586635
95.500000,0.514250,0.586757
95.500000,0.516069,0.586821
95.521004,0.517887,0.586879
95.521004,0.519923,0.587734
95.542999,0.521722,0.587139
95.542999,0.523763,0.586614
95.564003,0.525805,0.586092
95.564003,0.527623,0.584755
95.584999,0.529682,0.584861
95.584999,0.531723,0.584337
95.607002,0.533765,0.583816
95.627998,0.535807,0.583298
95.627998,0.537396,0.582775
95.649002,0.539438,0.582263
95.649002,0.541479,0.581754
95.670998,0.543069,0.581241
95.670998,0.545109,0.580740
95.670998,0.546698,0.580235
95.692001,0.548735,0.581115
95.712997,0.550323,0.580617
95.712997,0.552173,0.580183
95.735001,0.553759,0.581064
95.735001,0.555813,0.581147
95.755997,0.557665,0.580719
95.755997,0.559536,0.580851
95.777000,0.561122,0.581733
95.799004,0.562975,0.581312
95.799004,0.565007,0.580838
95.820000,0.566860,0.581785
95.820000,0.568444,0.581315
95.820000,0.570279,0.581738
95.841003,0.571690,0.581337
95.841003,0.573526,0.581778
95.862999,0.575108,0.581330
95.862999,0.576502,0.581784
95.884003,0.577916,0.581405
95.904999,0.579496,0.580972
95.904999,0.580614,0.581386
95.927002,0.582029,0.581022
95.927002,0.583167,0.580600
95.947998,0.584163,0.580729
95.947998,0.585320,0.579458
95.969002,0.586020,0.579038
95.969002,0.587157,0.578626
95.990997,0.587874,0.578694
95.990997,0.588574,0.578281
96.012001,0.589013,0.576949
96.012001,0.589450,0.576957
96.032997,0.589713,0.576540
96.032997,0.590149,0.576549
96.055000,0.590169,0.575687
96.055000,0.590169,0.575687
96.075996,0.590169,0.575687
96.097000,0.589733,0.575679
96.097000,0.589296,0.575670
96.119003,0.588596,0.576081
96.119003,0.587879,0.576013
96.139999,0.586900,0.576367
96.139999,0.585743,0.577634
96.139999,0.584605,0.578048
96.161003,0.583465,0.579811
96.182999,0.582049,0.580174
96.182999,0.580653,0.581041
96.204002,0.579515,0.581476
96.204002,0.577915,0.582754
96.224998,0.576501,0.583134
96.224998,0.574898,0.584414
96.247002,0.573021,0.585629
96.247002,0.571587,0.586845
96.267998,0.570023,0.587820
96.289001,0.568167,0.588212
96.289001,0.566580,0.590029
96.310997,0.564745,0.590969
96.310997,0.563201,0.592529
96.310997,0.561347,0.594306
96.332001,0.559576,0.594864
96.332001,0.557743,0.595848
96.352997,0.556176,0.596908
96.375000,0.554135,0.597420
96.375000,0.552281,0.597864
96.396004,0.550284,0.598165
96.396004,0.548408,0.598043
96.417000,0.546365,0.598568
96.417000,0.544343,0.598317
96.439003,0.542494,0.598779
96.439003,0.540472,0.598543
96.459999,0.538450,0.598316
96.481003,0.536404,0.598863
96.481003,0.534405,0.599263
96.481003,0.532610,0.599890
96.502998,0.530586,0.599698
96.502998,0.528540,0.600264
96.524002,0.526494,0.599457
96.524002,0.524905,0.600024
96.544998,0.522883,0.599858
96.567001,0.521060,0.599860
96.567001,0.518970,0.599138
96.587997,0.517146,0.599122
96.587997,0.515344,0.598378
96.609001,0.513736,0.598288
96.609001,0.511934,0.597543
96.630997,0.510328,0.597446
96.630997,0.508524,0.598080
96.630997,0.507154,0.598050
96.652000,0.505372,0.597983
96.672997,0.503545,0.597939
96.672997,0.502174,0.597902
96.695000,0.500367,0.598538
96.695000,0.498769,0.598420
96.716003,0.497169,0.598434
96.716003,0.495341,0.598367
96.737000,0.493514,0.598292
96.737000,0.492118,0.598904
96.759003,0.490292,0.598815
96.779999,0.488466,0.598720
96.779999,0.486859,0.598699
96.801003,0.485034,0.598592
96.801003,0.482942,0.599182
96.801003,0.481117,0.599057
96.822998,0.479023,0.599618
96.822998,0.476955,0.599525
96.844002,0.474857,0.600056
96.864998,0.472551,0.600478
96.864998,0.470482,0.600350
96.864998,0.467973,0.600923
96.864998,0.465904,0.600781
96.887001,0.463411,0.599978
96.887001,0.461088,0.599864
96.907997,0.458835,0.600380
96.929001,0.456541,0.599663
96.929001,0.454227,0.600311
96.950996,0.452159,0.600132
96.950996,0.449684,0.600108
96.950996,0.447368,0.600751
96.972000,0.445335,0.599998
96.972000,0.443018,0.600640
96.992996,0.440731,0.600731
96.992996,0.438432,0.600022
97.014999,0.436113,0.600664
97.036003,0.433783,0.600485
97.036003,0.431464,0.601118
97.056999,0.429134,0.600923
97.056999,0.426563,0.600236
97.079002,0.424245,0.600858
97.079002,0.421640,0.600668
97.099998,0.419076,0.600816
97.099998,0.416437,0.601095
97.121002,0.413873,0.601242
97.121002,0.411275,0.601868
97.142998,0.408669,0.601632
97.142998,0.405779,0.601404
97.164001,0.402928,0.601577
97.164001,0.400324,0.601309
97.184998,0.397432,0.601046
97.184998,0.394256,0.601660
97.207001,0.391364,0.601366
97.227997,0.388439,0.601464
97.227997,0.385553,0.602018
97.249001,0.382666,0.601673
97.249001,0.379614,0.602319
97.271004,0.376696,0.603214
97.271004,0.373935,0.602926
97.271004,0.370873,0.603528
97.292000,0.367994,0.604009
97.313004,0.364928,0.604589
97.313004,0.361751,0.604132
97.334999,0.358378,0.604678
97.334999,0.355310,0.604294
97.356003,0.352239,0.604815
97.356003,0.349204,0.605029
97.376999,0.345864,0.604309
97.376999,0.342833,0.603597
97.399002,0.339490,0.603807
97.419998,0.336119,0.602399
97.419998,0.332747,0.601904
97.419998,0.329064,0.601367
97.441002,0.325734,0.600603
97.441002,0.322128,0.600135
97.462997,0.318443,0.600486
97.462997,0.315152,0.599998
97.484001,0.311568,0.600233
97.504997,0.308301,0.600498
97.504997,0.304726,0.599775
97.527000,0.301506,0.598930
97.527000,0.297934,0.598213
97.547997,0.294716,0.598596
97.547997,0.291467,0.597913
97.569000,0.288247,0.598300
97.569000,0.285071,0.597617
97.591003,0.281850,0.597823
97.591003,0.279034,0.599176
97.612000,0.276166,0.599570
97.612000,0.273622,0.600020
97.633003,0.270745,0.601426
97.633003,0.268221,0.602016
97.654999,0.265695,0.602626
97.654999,0.263120,0.603187
97.676003,0.260870,0.604860
97.696999,0.258618,0.606537
97.696999,0.256376,0.607246
97.719002,0.253797,0.608893
97.719002,0.251600,0.608637
97.739998,0.249368,0.608392
97.739998,0.246811,0.608114
97.761002,0.244626,0.606925
97.761002,0.242415,0.605622
97.761002,0.240210,0.603455
97.782997,0.238318,0.602300
97.804001,0.236084,0.600094
97.804001,0.234145,0.598986
97.824997,0.232223,0.597774
97.824997,0.230348,0.595646
97.847000,0.228152,0.593482
97.847000,0.226251,0.591289
97.867996,0.224326,0.589176
97.889000,0.222750,0.587013
97.889000,0.220815,0.585687
97.911003,0.219130,0.585349
97.911003,0.217521,0.584034
97.911003,0.216156,0.583702
97.931999,0.214896,0.582521
97.931999,0.213913,0.582251
97.953003,0.212617,0.581139
97.953003,0.211318,0.580801
97.974998,0.209997,0.579552
97.996002,0.209019,0.579253
97.996002,0.207677,0.577850
98.016998,0.206701,0.577532
98.016998,0.205726,0.577207
98.039001,0.204727,0.577087
98.039001,0.204114,0.575987
98.059998,0.203437,0.576686
98.081001,0.202755,0.576623
98.081001,0.202438,0.576558
98.081001,0.202142,0.575521
98.102997,0.201825,0.575456
98.102997,0.201509,0.575391
98.124001,0.201213,0.574354
98.124001,0.201213,0.574354
98.144997,0.200918,0.573317
98.167000,0.200918,0.573317
98.167000,0.200551,0.573315
98.188004,0.200530,0.573159
98.188004,0.200919,0.572189
98.209000,0.200939,0.572344
98.209000,0.200960,0.571371
98.231003,0.200960,0.571371
98.231003,0.200960,0.571371
98.231003,0.200960,0.571371
98.251999,0.200981,0.570398
98.273003,0.200981,0.570398
98.273003,0.200981,0.570398
98.294998,0.201002,0.569424
98.294998,0.201022,0.568450
98.316002,0.200745,0.567567
98.316002,0.200450,0.566530
98.336998,0.199838,0.565431
98.336998,0.199157,0.564227
98.359001,0.198547,0.563126
98.379997,0.197936,0.562025
98.379997,0.197326,0.560925
98.401001,0.196348,0.559812
98.401001,0.195424,0.558650
98.401001,0.194444,0.557535
98.422997,0.193507,0.556195
98.422997,0.192213,0.555011
98.444000,0.190999,0.552810
98.464996,0.190019,0.551688
98.464996,0.188758,0.549721
98.487000,0.187526,0.548501
98.487000,0.186263,0.546545
98.508003,0.184657,0.545306
98.508003,0.183381,0.543154
98.528999,0.181862,0.540913
98.528999,0.180587,0.538764
98.551003,0.178990,0.537750
98.571999,0.177714,0.535606
98.571999,0.176437,0.533463
98.571999,0.175142,0.532291
98.593002,0.173865,0.530150
98.593002,0.172569,0.528979
98.614998,0.171678,0.526883
98.614998,0.170691,0.525768
98.636002,0.169705,0.524655
98.656998,0.169125,0.522870
98.656998,0.168462,0.520847
98.679001,0.167878,0.518817
98.679001,0.167602,0.516838
98.699997,0.166922,0.516040
98.699997,0.166630,0.515028
98.721001,0.166323,0.514981
98.721001,0.165947,0.513973
98.742996,0.165640,0.513927
98.742996,0.165333,0.513881
98.764000,0.165348,0.512918
98.764000,0.165348,0.512918
98.785004,0.165041,0.512872
98.785004,0.165027,0.513835
98.806999,0.165026,0.513571
98.806999,0.164927,0.514535
98.828003,0.164926,0.514271
98.848999,0.164995,0.515232
98.848999,0.164995,0.515232
98.871002,0.165301,0.515017
98.871002,0.165317,0.514055
98.891998,0.165607,0.514805
98.891998,0.165914,0.514856
98.891998,0.166611,0.514956
98.913002,0.166902,0.515970
98.934998,0.167598,0.516070
98.934998,0.168213,0.516172
98.956001,0.168602,0.516220
98.956001,0.169525,0.516374
98.976997,0.170220,0.516472
98.976997,0.170836,0.516574
98.999001,0.171223,0.516621
98.999001,0.171825,0.517935
99.019997,0.172442,0.518036
99.041000,0.173136,0.518131
99.041000,0.173429,0.519151
99.041000,0.174123,0.519246
99.063004,0.174743,0.519583
99.063004,0.175346,0.520654
99.084000,0.176039,0.520746
99.084000,0.176699,0.522779
99.105003,0.177612,0.523904
99.126999,0.178614,0.524046
99.126999,0.179528,0.525175
99.148003,0.180518,0.526507
99.148003,0.181503,0.527618
99.168999,0.182725,0.528590
99.168999,0.183726,0.528730
99.191002,0.185003,0.530874
99.191002,0.186298,0.532042
99.211998,0.187897,0.533070
99.211998,0.189502,0.534297
99.233002,0.191049,0.535549
99.233002,0.192978,0.535673
99.254997,0.194899,0.536960
99.254997,0.196820,0.538246
99.276001,0.199115,0.538414
99.276001,0.201339,0.539603
99.296997,0.203888,0.541008
99.319000,0.206456,0.541425
99.319000,0.209008,0.542823
99.339996,0.211560,0.544217
99.339996,0.214117,0.544505
99.361000,0.216635,0.545937
99.361000,0.219193,0.546239
99.383003,0.221445,0.546586
99.383003,0.223956,0.547930
99.383003,0.226508,0.549318
99.403999,0.229037,0.550746
99.425003,0.231270,0.552067
99.425003,0.233786,0.553432
99.446999,0.235967,0.555742
99.446999,0.238533,0.556122
99.468002,0.240767,0.557516
99.468002,0.242986,0.558867
99.488998,0.245206,0.560212
99.511002,0.247408,0.561541
99.511002,0.249609,0.562876
99.531998,0.251511,0.564167
99.531998,0.253752,0.564578
99.531998,0.255977,0.565906
99.553001,0.258217,0.566240
99.553001,0.260145,0.567479
99.574997,0.262370,0.568779
99.596001,0.264311,0.570057
99.596001,0.266538,0.571335
99.616997,0.268450,0.573622
99.616997,0.270358,0.574843
99.639000,0.272287,0.576134
99.639000,0.274195,0.577340
99.660004,0.276475,0.578576
99.660004,0.278384,0.579760
99.681000,0.280338,0.581906
99.703003,0.282599,0.583180
99.703003,0.284561,0.585290
99.703003,0.286471,0.586424
99.723999,0.288410,0.588611
99.723999,0.290374,0.591637
99.745003,0.292320,0.593795
99.745003,0.294306,0.594841
99.766998,0.296290,0.596832
99.766998,0.298248,0.597979
99.788002,0.300242,0.598966
99.808998,0.302555,0.599939
99.808998,0.304605,0.601941
99.831001,0.306924,0.602861
99.831001,0.309597,0.603573
99.851997,0.312011,0.603389
99.851997,0.314684,0.604007
99.851997,0.317101,0.603739
99.873001,0.319767,0.603313
99.894997,0.322776,0.602195
99.894997,0.325508,0.601784
99.916000,0.328520,0.601539
99.916000,0.331603,0.600412
99.936996,0.334925,0.600068
99.936996,0.338319,0.598840
99.959000,0.341321,0.598454
99.959000,0.344710,0.597154
99.980003,0.347760,0.596152
100.000999,0.351132,0.593866
100.000999,0.354484,0.592792
100.023003,0.357953,0.590536
100.023003,0.361299,0.589429
100.023003,0.364601,0.587740
100.043999,0.367715,0.586184
100.043999,0.371144,0.585510
100.065002,0.374437,0.583864
100.086998,0.377590,0.582868
100.086998,0.381015,0.582214
100.108002,0.384166,0.581209
100.108002,0.387303,0.579302
100.128998,0.390859,0.578729
100.128998,0.393994,0.576827
100.151001,0.397119,0.576248
100.151001,0.400361,0.573988
100.171997,0.403166,0.573065
100.193001,0.406273,0.571674
100.193001,0.409250,0.570403
100.193001,0.412334,0.569539
100.214996,0.415314,0.568318
100.214996,0.418573,0.567084
100.236000,0.421537,0.566414
100.236000,0.424777,0.565752
100.257004,0.427733,0.564322
100.278999,0.430653,0.564003
100.278999,0.433324,0.563247
100.300003,0.436266,0.562531
100.300003,0.438788,0.562104
100.320999,0.441220,0.560973
100.320999,0.443902,0.561251
100.343002,0.446159,0.560954
100.343002,0.448862,0.560747
100.343002,0.451286,0.561971
100.363998,0.453541,0.561777
100.385002,0.455772,0.563001
100.385002,0.457963,0.563741
100.406998,0.459961,0.564430
100.406998,0.461959,0.565141
100.428001,0.463929,0.565711
100.428001,0.465924,0.566474
100.448997,0.467671,0.568029
100.471001,0.469214,0.568747
100.471001,0.470989,0.569702
100.491997,0.472560,0.570575
100.491997,0.474339,0.572292
100.513000,0.475910,0.573167
100.513000,0.477659,0.574778
100.513000,0.479228,0.575663
100.535004,0.480524,0.577207
100.556000,0.481851,0.578110
100.556000,0.483147,0.579670
100.577003,0.484478,0.581313
100.577003,0.485357,0.582869
100.598999,0.486686,0.583782
100.598999,0.487599,0.584673
100.620003,0.488716,0.586207
100.620003,0.489355,0.587054
100.640999,0.490008,0.589340
100.663002,0.490436,0.590804
100.663002,0.490652,0.592878
100.663002,0.490828,0.596454
100.683998,0.491031,0.598651
100.683998,0.490989,0.602115
100.705002,0.490985,0.604908
100.705002,0.490947,0.608359
100.726997,0.491131,0.611915
100.748001,0.490872,0.616100
100.748001,0.490854,0.620233
100.768997,0.490602,0.624405
100.768997,0.490771,0.629290
100.791000,0.490763,0.633388
100.791000,0.490678,0.637612
100.811996,0.490609,0.641639
100.811996,0.490809,0.645139
100.833000,0.490498,0.649209
100.833000,0.490726,0.653383
100.855003,0.490706,0.656721
100.855003,0.490913,0.660187
100.875999,0.491073,0.664280
100.875999,0.490813,0.667666
100.897003,0.490973,0.671736
100.897003,0.491187,0.675165
100.918999,0.490876,0.679150
100.940002,0.491092,0.682559
100.940002,0.491221,0.685913
100.960999,0.490964,0.689243
100.960999,0.490977,0.691188
100.983002,0.490952,0.694660
100.983002,0.490967,0.696594
101.003998,0.490885,0.698476
101.003998,0.490884,0.700664
101.003998,0.490800,0.702538
101.025002,0.490738,0.703145
101.046997,0.490738,0.703145
101.046997,0.490675,0.703752
101.068001,0.490715,0.704406
101.068001,0.490401,0.705115
101.088997,0.490401,0.705115
101.088997,0.490401,0.705115
101.111000,0.490401,0.705115
101.132004,0.490652,0.705012
101.132004,0.490652,0.705012
101.153000,0.490820,0.705782
101.153000,0.490820,0.705782
101.153000,0.490820,0.705782
101.175003,0.490883,0.705177
101.175003,0.490923,0.705830
101.195999,0.490986,0.705224
101.195999,0.490986,0.705224
101.217003,0.491089,0.705270
101.238998,0.491089,0.705270
101.238998,0.491152,0.704663
101.260002,0.490981,0.703894
101.260002,0.490981,0.703894
101.280998,0.491043,0.703285
101.280998,0.490872,0.702517
101.303001,0.490892,0.701253
101.323997,0.490973,0.699375
101.323997,0.490801,0.698607
101.323997,0.490879,0.696723
101.345001,0.490706,0.695955
101.345001,0.490822,0.694726
101.366997,0.490666,0.692682
101.366997,0.490475,0.692170
101.388000,0.490280,0.689457
101.388000,0.490122,0.687406
101.408997,0.489928,0.684684
101.431000,0.489769,0.682627
101.431000,0.489312,0.681289
101.452003,0.488890,0.680621
101.452003,0.488943,0.680000
101.473000,0.488521,0.679333
101.473000,0.488346,0.678570
101.473000,0.488412,0.676650
101.495003,0.487955,0.675306
101.515999,0.487971,0.674003
101.515999,0.487795,0.673241
101.537003,0.487810,0.671936
101.537003,0.487859,0.671310
101.558998,0.487942,0.671366
101.558998,0.487942,0.671366
101.580002,0.488236,0.670643
101.580002,0.488283,0.670016
101.600998,0.488802,0.669423
101.623001,0.489355,0.669506
101.623001,0.489954,0.668951
101.643997,0.490279,0.668896
101.643997,0.490795,0.668287
101.643997,0.491311,0.667674
101.665001,0.491781,0.667697
101.665001,0.492260,0.666405
101.686996,0.492686,0.667067
101.708000,0.493076,0.667057
101.708000,0.493494,0.669033
101.728996,0.493956,0.670365
101.728996,0.494096,0.671773
101.750999,0.494597,0.673769
101.750999,0.494782,0.674537
101.772003,0.495023,0.674432
101.772003,0.495293,0.675224
101.792999,0.495534,0.675117
101.815002,0.495573,0.675779
101.815002,0.495573,0.675779
101.815002,0.495372,0.676548
101.835999,0.495411,0.677210
101.835999,0.495451,0.677870
101.857002,0.495257,0.677341
101.857002,0.495024,0.677214
101.878998,0.494551,0.677196
101.900002,0.494118,0.677840
101.900002,0.493355,0.678566
101.920998,0.492881,0.678545
101.920998,0.492177,0.678394
101.943001,0.491420,0.677811
101.943001,0.490947,0.677786
101.963997,0.490244,0.677629
101.963997,0.489526,0.677709
101.963997,0.489043,0.678979
101.985001,0.488569,0.678951
102.007004,0.487811,0.678352
102.007004,0.487387,0.677699
102.028000,0.487123,0.676887
102.028000,0.486601,0.677476
102.049004,0.486564,0.676796
102.049004,0.486514,0.677416
102.070999,0.486514,0.677416
102.092003,0.486478,0.676737
102.092003,0.486478,0.676737
102.112999,0.487000,0.676151
102.112999,0.487000,0.676151
102.135002,0.487000,0.676151
102.135002,0.486963,0.675472
102.135002,0.487210,0.675372
102.155998,0.487400,0.674827
102.177002,0.487400,0.674827
102.177002,0.487646,0.674728
102.198997,0.487872,0.674863
102.198997,0.488118,0.674763
102.220001,0.488345,0.674897
102.220001,0.488333,0.676199
102.240997,0.488756,0.676858
102.240997,0.488756,0.676858
102.263000,0.488707,0.677482
102.263000,0.489217,0.678192
102.283997,0.489167,0.678816
102.283997,0.489433,0.679626
102.305000,0.489895,0.680955
102.305000,0.489882,0.682249
102.327003,0.490099,0.683680
102.327003,0.490345,0.683574
102.348000,0.490048,0.684303
102.369003,0.490087,0.684970
102.369003,0.490087,0.684970
102.390999,0.490167,0.686304
102.390999,0.490426,0.688395
102.412003,0.490467,0.689058
102.412003,0.490933,0.690370
102.432999,0.491207,0.691171
102.432999,0.491495,0.691717
102.455002,0.491718,0.693136
102.455002,0.492240,0.693817
102.475998,0.492943,0.695258
102.475998,0.493467,0.695932
102.497002,0.493991,0.696603
102.497002,0.494898,0.697265
102.518997,0.495424,0.697929
102.518997,0.496141,0.698085
102.540001,0.496864,0.697976
102.560997,0.497344,0.697990
102.560997,0.497777,0.697361
102.583000,0.498257,0.697375
102.583000,0.498737,0.697387
102.603996,0.499264,0.698038
102.603996,0.499744,0.698048
102.625000,0.500224,0.698057
102.625000,0.500657,0.697430
102.625000,0.501140,0.696165
102.647003,0.501429,0.695399
102.667999,0.501908,0.695406
102.667999,0.502437,0.694769
102.689003,0.502486,0.694126
102.689003,0.502965,0.694129
102.710999,0.503203,0.692724
102.710999,0.503729,0.692079
102.732002,0.504207,0.690798
102.732002,0.504442,0.689388
102.752998,0.504919,0.688102
102.775002,0.505395,0.686814
102.775002,0.505825,0.686179
102.775002,0.506058,0.684765
102.795998,0.506487,0.682838
102.795998,0.506917,0.682203
102.817001,0.507346,0.680272
102.817001,0.508052,0.678852
102.838997,0.508326,0.678065
102.860001,0.508755,0.677430
102.860001,0.509227,0.676126
102.880997,0.509656,0.675491
102.880997,0.510085,0.673552
102.903000,0.510270,0.671496
102.903000,0.510699,0.669552
102.924004,0.511437,0.667446
102.924004,0.511866,0.665497
102.945000,0.512295,0.664861
102.945000,0.512521,0.664749
102.967003,0.512685,0.663594
102.967003,0.513154,0.662275
102.987999,0.513378,0.660845
102.987999,0.513808,0.658890
103.009003,0.514069,0.656768
103.009003,0.514536,0.655441
103.030998,0.514534,0.652785
103.052002,0.514290,0.651352
103.052002,0.514325,0.649325
103.072998,0.514082,0.647890
103.072998,0.513616,0.646556
103.095001,0.513150,0.645220
103.095001,0.512444,0.643781
103.095001,0.512014,0.641745
103.115997,0.511343,0.639609
103.137001,0.510912,0.637568
103.137001,0.510242,0.636778
103.158997,0.509348,0.636083
103.158997,0.508646,0.637334
103.180000,0.507957,0.638771
103.180000,0.507332,0.640178
103.200996,0.506663,0.640738
103.200996,0.506038,0.640808
103.223000,0.505404,0.640690
103.244003,0.504745,0.641450
103.244003,0.504112,0.641338
103.264999,0.503485,0.641424
103.264999,0.502821,0.641998
103.264999,0.502423,0.641991
103.287003,0.501796,0.642089
103.287003,0.501130,0.641328
103.307999,0.500468,0.642104
103.329002,0.499806,0.642688
103.329002,0.499109,0.642796
103.350998,0.498644,0.642802
103.350998,0.497749,0.643488
103.372002,0.497319,0.644169
103.372002,0.496389,0.644180
103.392998,0.495492,0.643528
103.392998,0.494797,0.642097
103.415001,0.493868,0.642104
103.435997,0.492669,0.641521
103.435997,0.491740,0.641521
103.435997,0.490810,0.642860
103.457001,0.489676,0.642303
103.457001,0.488780,0.642992
103.478996,0.487885,0.642341
103.478996,0.486956,0.642335
103.500000,0.486060,0.643026
103.521004,0.485099,0.642316
103.521004,0.484704,0.641033
103.542999,0.483810,0.640387
103.542999,0.483413,0.640452
103.564003,0.483016,0.640519
103.564003,0.482552,0.641858
103.584999,0.482306,0.643294
103.584999,0.481562,0.644018
103.584999,0.480811,0.643832
103.607002,0.480103,0.642580
103.627998,0.479358,0.641045
103.627998,0.478436,0.639682
103.649002,0.477479,0.638940
103.649002,0.476738,0.638294
103.670998,0.475748,0.638159
103.670998,0.474295,0.637993
103.692001,0.472909,0.637925
103.712997,0.471217,0.636469
103.712997,0.469817,0.634307
103.735001,0.467695,0.633521
103.735001,0.465804,0.631898
103.755997,0.463687,0.631070
103.755997,0.461113,0.630180
103.755997,0.458557,0.627922
103.777000,0.455803,0.625890
103.799004,0.452818,0.622197
103.799004,0.449878,0.620037
103.820000,0.446832,0.618589
103.820000,0.443580,0.618360
103.841003,0.440330,0.618107
103.841003,0.436798,0.617071
103.862999,0.432833,0.616739
103.862999,0.429056,0.614332
103.884003,0.425389,0.611742
103.904999,0.421670,0.609597
103.904999,0.418325,0.608496
103.904999,0.414592,0.604632
103.927002,0.410855,0.603768
103.927002,0.407381,0.599442
103.947998,0.403824,0.595598
103.947998,0.400124,0.591631
103.969002,0.396460,0.585456
103.969002,0.392688,0.580701
103.990997,0.389068,0.575879
104.012001,0.385587,0.572067
104.012001,0.382104,0.568295
104.032997,0.378725,0.565934
104.032997,0.375219,0.562621
104.055000,0.371539,0.560321
104.055000,0.368057,0.557636
104.075996,0.364373,0.555421
104.075996,0.360986,0.554177
104.097000,0.357582,0.552372
104.097000,0.354283,0.550641
104.119003,0.350578,0.549825
104.119003,0.346874,0.548092
104.139999,0.343281,0.546145
104.139999,0.339961,0.544793
104.161003,0.336966,0.545091
104.161003,0.333748,0.545473
104.182999,0.330741,0.546087
104.204002,0.327815,0.546762
104.204002,0.324574,0.546489
104.224998,0.321585,0.544984
104.224998,0.318668,0.543548
104.247002,0.315748,0.541161
104.247002,0.312828,0.538795
104.247002,0.310274,0.538625
104.267998,0.307672,0.538248
104.289001,0.305118,0.539088
104.289001,0.302494,0.539085
104.310997,0.299937,0.538960
104.310997,0.297365,0.538992
104.332001,0.294802,0.537893
104.332001,0.291869,0.536906
104.352997,0.289307,0.535817
104.352997,0.286419,0.535850
104.375000,0.283851,0.536860
104.396004,0.280954,0.537971
104.396004,0.278097,0.539009
104.396004,0.275197,0.540082
104.417000,0.272284,0.540209
104.417000,0.269087,0.540270
104.439003,0.265869,0.541258
104.439003,0.262681,0.541225
104.459999,0.259467,0.541172
104.481003,0.255956,0.542102
104.481003,0.252765,0.542034
104.502998,0.249560,0.541955
104.502998,0.246049,0.541850
104.524002,0.242859,0.541746
104.524002,0.239985,0.542640
104.544998,0.236784,0.542561
104.544998,0.233583,0.542381
104.567001,0.230697,0.542290
104.567001,0.227826,0.543143
104.587997,0.224925,0.542959
104.587997,0.222030,0.543829
104.609001,0.219139,0.543700
104.609001,0.216545,0.544469
104.630997,0.213654,0.544316
104.630997,0.211058,0.545045
104.652000,0.208483,0.544893
104.672997,0.206225,0.544760
104.672997,0.203642,0.545581
104.695000,0.201384,0.545438
104.695000,0.199127,0.545291
104.716003,0.197193,0.544185
104.716003,0.194915,0.544838
104.716003,0.192974,0.544701
104.737000,0.191042,0.543582
104.759003,0.189102,0.543440
104.759003,0.187172,0.542319
104.779999,0.185190,0.541435
104.779999,0.183563,0.541322
104.801003,0.181644,0.540416
104.801003,0.179716,0.539303
104.822998,0.178110,0.538444
104.822998,0.176185,0.538536
104.844002,0.174495,0.537494
104.864998,0.172569,0.536393
104.864998,0.170566,0.535322
104.887001,0.168951,0.534249
104.887001,0.167021,0.534112
104.887001,0.165333,0.533330
104.907997,0.163413,0.533466
104.907997,0.161416,0.532680
104.929001,0.159393,0.532302
104.929001,0.157469,0.532170
104.950996,0.155471,0.531401
104.972000,0.153472,0.530645
104.972000,0.151464,0.529597
104.992996,0.149153,0.528526
104.992996,0.147138,0.528427
105.014999,0.145130,0.528649
105.014999,0.143107,0.529493
105.036003,0.140985,0.529413
105.056999,0.138963,0.528966
105.056999,0.136649,0.528827
105.056999,0.134935,0.527452
105.079002,0.132922,0.527331
105.079002,0.130919,0.526280
105.099998,0.129086,0.526202
105.099998,0.127074,0.526078
105.121002,0.125064,0.525952
105.142998,0.122932,0.525840
105.142998,0.120924,0.525710
105.164001,0.119079,0.526936
105.164001,0.117064,0.527717
105.184998,0.114925,0.528918
105.184998,0.112780,0.529707
105.207001,0.111062,0.530921
105.207001,0.108915,0.531700
105.207001,0.107203,0.531584
105.227997,0.105352,0.531486
105.249001,0.103922,0.532734
105.249001,0.102198,0.534843
105.271004,0.100761,0.535643
105.271004,0.099343,0.536006
105.292000,0.097918,0.535916
105.292000,0.096504,0.534943
105.313004,0.095089,0.533973
105.334999,0.093525,0.533025
105.334999,0.092116,0.532535
105.356003,0.090701,0.531576
105.356003,0.089283,0.531976
105.376999,0.088153,0.531541
105.376999,0.086738,0.530597
105.376999,0.085601,0.529684
105.399002,0.084177,0.529611
105.399002,0.082763,0.528675
105.419998,0.081342,0.528602
105.441002,0.079758,0.528546
105.441002,0.078334,0.529840
105.462997,0.076749,0.529784
105.462997,0.075334,0.530228
105.484001,0.073476,0.530146
105.484001,0.071888,0.530089
105.504997,0.070030,0.530002
105.504997,0.068172,0.529913
105.527000,0.066324,0.528987
105.527000,0.064476,0.528065
105.547997,0.062448,0.526608
105.547997,0.060337,0.525665
105.569000,0.058319,0.523944
105.569000,0.056288,0.522482
105.591003,0.053998,0.521567
105.591003,0.052158,0.519277
105.612000,0.049871,0.518373
105.633003,0.047840,0.517496
105.633003,0.045560,0.515806
105.654999,0.043528,0.514945
105.654999,0.041050,0.514689
105.676003,0.039011,0.514634
105.676003,0.036729,0.514399
105.696999,0.034244,0.514342
105.696999,0.031762,0.513509
105.719002,0.029277,0.514092
105.719002,0.026797,0.513922
105.739998,0.024310,0.513880
105.739998,0.021377,0.514487
105.761002,0.018445,0.515106
105.761002,0.015300,0.515745
105.782997,0.011919,0.516383
105.782997,0.008767,0.516358
105.804001,0.005388,0.517011
105.824997,0.001785,0.518397
105.824997,0.998186,0.519075
105.847000,0.994587,0.519764
105.847000,0.990990,0.519053
105.867996,0.987611,0.519778
105.867996,0.983781,0.520512
105.867996,0.980409,0.521345
105.889000,0.977027,0.522116
105.911003,0.974110,0.522362
105.911003,0.970735,0.522534
105.931999,0.967567,0.522113
105.931999,0.964399,0.523135
105.953003,0.961485,0.523553
105.953003,0.958310,0.523861
105.974998,0.955401,0.524362
105.974998,0.952686,0.524919
105.996002,0.949701,0.525330
106.016998,0.946787,0.525723
106.016998,0.943813,0.526424
106.016998,0.940630,0.526645
106.039001,0.937653,0.527973
106.039001,0.934659,0.529045
106.059998,0.931228,0.529611
106.059998,0.928247,0.531546
106.081001,0.925257,0.532124
106.102997,0.922269,0.532721
106.102997,0.919282,0.533337
106.124001,0.916185,0.533533
106.124001,0.913199,0.534197
106.144997,0.910355,0.534022
106.144997,0.907809,0.534212
106.167000,0.904979,0.534949
106.167000,0.902435,0.535195
106.188004,0.900035,0.535938
106.188004,0.897490,0.536684
106.209000,0.895374,0.537407
106.209000,0.892972,0.538199
106.231003,0.890840,0.538053
106.231003,0.888726,0.538816
106.251999,0.886728,0.538705
106.251999,0.884906,0.539435
106.273003,0.882906,0.539345
106.294998,0.881201,0.538803
106.294998,0.879788,0.538217
106.316002,0.878082,0.537708
106.316002,0.876376,0.537217
106.336998,0.874964,0.536678
106.336998,0.873378,0.536233
106.359001,0.871944,0.534803
106.359001,0.870510,0.533385
106.359001,0.868780,0.532048
106.379997,0.867484,0.531591
106.401001,0.865752,0.530283
106.401001,0.864020,0.528990
106.422997,0.862697,0.527642
106.422997,0.860964,0.526377
106.444000,0.859254,0.525727
106.444000,0.857627,0.524498
106.464996,0.855591,0.523363
106.487000,0.853556,0.522245
106.487000,0.851519,0.521146
106.508003,0.849157,0.519504
106.508003,0.846723,0.518821
106.508003,0.844057,0.517266
106.528999,0.841693,0.515636
106.528999,0.838631,0.514175
106.551003,0.835962,0.512633
106.551003,0.833011,0.512137
106.571999,0.829975,0.511412
106.593002,0.826997,0.509981
106.593002,0.823709,0.508638
106.614998,0.820445,0.508276
106.614998,0.817399,0.507091
106.636002,0.813806,0.506247
106.636002,0.810495,0.504125
106.656998,0.806901,0.503226
106.679001,0.803303,0.502129
106.679001,0.799683,0.500040
106.679001,0.796406,0.498996
106.699997,0.792834,0.496865
106.699997,0.789248,0.495851
106.721001,0.785701,0.494797
106.721001,0.782131,0.492724
106.742996,0.778605,0.492611
106.742996,0.775351,0.490418
106.764000,0.771799,0.489197
106.785004,0.768566,0.487908
106.785004,0.765350,0.486602
106.806999,0.762141,0.486311
106.806999,0.758605,0.485077
106.828003,0.755390,0.483792
106.828003,0.751877,0.483571
106.828003,0.748367,0.483315
106.848999,0.744858,0.483041
106.871002,0.741319,0.481737
106.871002,0.737809,0.481429
106.891998,0.734280,0.480109
106.891998,0.730752,0.479814
106.913002,0.727205,0.478458
106.913002,0.723698,0.479076
106.934998,0.719883,0.478764
106.934998,0.716329,0.478235
106.956001,0.712505,0.478855
106.976997,0.708980,0.478406
106.976997,0.705102,0.477850
106.999001,0.701595,0.478500
106.999001,0.697712,0.478056
106.999001,0.693828,0.477599
107.019997,0.690273,0.478235
107.019997,0.686327,0.477750
107.041000,0.682464,0.478239
107.063004,0.678892,0.477900
107.063004,0.674941,0.477624
107.084000,0.671316,0.478266
107.084000,0.667668,0.478206
107.105003,0.664040,0.479141
107.105003,0.660721,0.479762
107.126999,0.657116,0.481694
107.126999,0.653817,0.483282
107.148003,0.650216,0.484931
107.168999,0.646516,0.486261
107.168999,0.643217,0.487500
107.168999,0.639516,0.489121
107.191002,0.636127,0.491264
107.191002,0.632831,0.492432
107.211998,0.629143,0.494566
107.211998,0.625738,0.496068
107.233002,0.622342,0.498092
107.254997,0.619110,0.500054
107.254997,0.615701,0.501505
107.276001,0.612577,0.502485
107.276001,0.609452,0.503437
107.296997,0.606334,0.504798
107.296997,0.603057,0.504834
107.319000,0.600224,0.506133
107.319000,0.597382,0.506962
107.339996,0.594538,0.507351
107.339996,0.591705,0.508617
107.361000,0.589143,0.509356
107.361000,0.586311,0.510594
107.383003,0.583748,0.510925
107.383003,0.581468,0.512087
107.403999,0.578904,0.512411
107.403999,0.576631,0.514077
107.425003,0.574067,0.514400
107.446999,0.571793,0.516072
107.446999,0.569518,0.517746
107.468002,0.567395,0.518005
107.468002,0.565121,0.519681
107.488998,0.562840,0.520529
107.488998,0.560810,0.520805
107.488998,0.558515,0.521101
107.511002,0.556495,0.521944
107.531998,0.554643,0.522179
107.531998,0.552356,0.522243
107.553001,0.550321,0.522525
107.553001,0.548277,0.522001
107.574997,0.546006,0.523701
107.574997,0.543968,0.523983
107.596001,0.541945,0.524869
107.596001,0.539907,0.525153
107.616997,0.537868,0.525434
107.639000,0.536042,0.526287
107.639000,0.534005,0.526569
107.639000,0.531967,0.526849
107.660004,0.529930,0.527126
107.660004,0.528137,0.527386
107.681000,0.526104,0.528421
107.681000,0.524071,0.529444
107.703003,0.522275,0.529692
107.723999,0.520241,0.530698
107.723999,0.517980,0.531080
107.745003,0.515944,0.531319
107.745003,0.513681,0.531666
107.766998,0.511646,0.531890
107.766998,0.509644,0.533564
107.788002,0.507612,0.535226
107.788002,0.505358,0.536198
107.808998,0.503554,0.537821
107.808998,0.501298,0.538763
107.831001,0.499280,0.541048
107.831001,0.497260,0.543378
107.851997,0.495017,0.544991
107.851997,0.493216,0.547936
107.873001,0.491185,0.550228
107.873001,0.488915,0.551761
107.894997,0.487112,0.553966
107.916000,0.485054,0.555478
107.916000,0.482771,0.555539
107.936996,0.480469,0.557054
107.936996,0.478200,0.557808
107.959000,0.475918,0.557794
107.959000,0.473860,0.558545
107.980003,0.471334,0.558531
107.980003,0.469262,0.559877
107.980003,0.466735,0.559807
108.000999,0.464672,0.560480
108.023003,0.462174,0.560525
108.023003,0.459858,0.561213
108.043999,0.457794,0.561843
108.043999,0.455476,0.561110
108.065002,0.453248,0.561867
108.065002,0.450943,0.561912
108.086998,0.448880,0.562492
108.108002,0.446574,0.562520
108.108002,0.444249,0.563109
108.128998,0.441929,0.562302
108.128998,0.439604,0.562856
108.128998,0.436823,0.562544
108.151001,0.434514,0.562512
108.151001,0.431927,0.561670
108.171997,0.429186,0.560227
108.171997,0.426599,0.559356
108.193001,0.423862,0.557900
108.214996,0.421001,0.557024
108.214996,0.417994,0.555577
108.236000,0.415266,0.554107
108.236000,0.411970,0.553157
108.257004,0.409129,0.552616
108.257004,0.405855,0.552050
108.278999,0.402565,0.551948
108.300003,0.399289,0.550501
108.300003,0.395734,0.549958
108.300003,0.392306,0.550796
108.320999,0.388749,0.550262
108.320999,0.384892,0.551064
108.343002,0.381343,0.551450
108.343002,0.377613,0.552303
108.363998,0.373774,0.552723
108.363998,0.370042,0.554500
108.385002,0.366615,0.554057
108.406998,0.362890,0.553633
108.406998,0.359469,0.554140
108.428001,0.355744,0.553736
108.428001,0.352429,0.554321
108.448997,0.349108,0.553976
108.448997,0.345712,0.554240
108.448997,0.342392,0.553924
108.471001,0.339089,0.553342
108.491997,0.335871,0.552839
108.491997,0.332566,0.552313
108.513000,0.329243,0.551098
108.513000,0.326003,0.550901
108.535004,0.322999,0.550651
108.535004,0.319758,0.550472
108.556000,0.316812,0.550496
108.556000,0.313883,0.550313
108.577003,0.310625,0.550341
108.598999,0.307752,0.549239
108.598999,0.304805,0.548266
108.620003,0.301864,0.548262
108.620003,0.298987,0.547163
108.620003,0.296111,0.547054
108.640999,0.293510,0.547884
108.640999,0.290951,0.547787
108.663002,0.288709,0.547689
108.683998,0.286186,0.547657
108.683998,0.283611,0.547694
108.705002,0.281369,0.547617
108.705002,0.278810,0.547559
108.726997,0.276261,0.546649
108.726997,0.274006,0.546669
108.748001,0.271436,0.546692
108.748001,0.268884,0.545762
108.768997,0.266316,0.545773
108.791000,0.263444,0.544835
108.791000,0.260875,0.543918
108.791000,0.257994,0.543906
108.811996,0.255440,0.542934
108.811996,0.252886,0.541955
108.833000,0.250345,0.540970
108.833000,0.247792,0.540984
108.855003,0.244920,0.540993
108.875999,0.242381,0.541020
108.875999,0.239511,0.541026
108.897003,0.236629,0.542061
108.897003,0.233773,0.541110
108.918999,0.231206,0.541146
108.918999,0.228352,0.540210
108.940002,0.225796,0.540319
108.940002,0.223265,0.539407
108.960999,0.220377,0.539446
108.960999,0.217818,0.539581
108.983002,0.214929,0.539618
108.983002,0.212368,0.540755
109.003998,0.209479,0.540787
109.003998,0.206603,0.540948
109.025002,0.203729,0.541119
109.025002,0.200807,0.541343
109.046997,0.198249,0.541537
109.068001,0.195324,0.542765
109.068001,0.192453,0.542977
109.088997,0.189527,0.543244
109.088997,0.186598,0.544497
109.111000,0.183357,0.544783
109.111000,0.180427,0.546052
109.111000,0.177483,0.546132
109.132004,0.174244,0.547403
109.132004,0.170930,0.547762
109.153000,0.168003,0.548085
109.175003,0.164669,0.549160
109.175003,0.161350,0.549536
109.195999,0.158029,0.550874
109.195999,0.154996,0.551928
109.217003,0.151670,0.554208
109.217003,0.148652,0.555546
109.238998,0.145611,0.557507
109.260002,0.142893,0.558848
109.260002,0.140170,0.561123
109.260002,0.137445,0.563392
109.280998,0.134718,0.565655
109.280998,0.132289,0.567928
109.303001,0.129858,0.570195
109.303001,0.127424,0.572456
109.323997,0.124988,0.574709
109.323997,0.122814,0.577504
109.345001,0.120795,0.579686
109.366997,0.118648,0.581934
109.366997,0.116473,0.583775
109.388000,0.114319,0.586003
109.388000,0.112151,0.589113
109.408997,0.110284,0.591359
109.408997,0.108261,0.593475
109.431000,0.106374,0.596584
109.431000,0.104526,0.599235
109.452003,0.102631,0.602324
109.452003,0.100458,0.604482
109.473000,0.098602,0.607122
109.473000,0.096713,0.609314
109.495003,0.094870,0.611093
109.495003,0.093007,0.613732
109.515999,0.091162,0.615520
109.515999,0.089315,0.617313
109.537003,0.087593,0.618539
109.558998,0.086029,0.620395
109.558998,0.084235,0.621841
109.580002,0.082223,0.623759
109.580002,0.080393,0.624750
109.600998,0.078542,0.626574
109.600998,0.076749,0.628077
109.600998,0.074899,0.629915
109.623001,0.072876,0.631865
109.643997,0.071062,0.634214
109.643997,0.069012,0.636978
109.665001,0.066704,0.638869
109.665001,0.064645,0.641622
109.686996,0.062607,0.643579
109.686996,0.060266,0.646246
109.708000,0.057923,0.648898
109.708000,0.055659,0.651737
109.728996,0.053307,0.654361
109.750999,0.050759,0.657092
109.750999,0.048503,0.659140
109.750999,0.046140,0.661720
109.772003,0.043885,0.665061
109.772003,0.041549,0.666871
109.792999,0.039272,0.668898
109.792999,0.036989,0.670920
109.815002,0.034908,0.672807
109.835999,0.032577,0.675533
109.835999,0.030019,0.677425
109.857002,0.027715,0.679414
109.857002,0.025108,0.681979
109.878998,0.022702,0.684035
109.878998,0.019862,0.686674
109.900002,0.017260,0.688122
109.900002,0.014581,0.689966
109.920998,0.011764,0.691852
109.920998,0.008895,0.693098
109.943001,0.006020,0.694315
109.943001,0.002949,0.696258
109.963997,0.000064,0.697420
109.963997,0.996641,0.699150
109.985001,0.993502,0.700354
109.985001,0.990313,0.700867
110.007004,0.986681,0.701949
110.028000,0.983524,0.703034
110.028000,0.979881,0.704025
110.049004,0.976233,0.704966
110.049004,0.972839,0.706709
110.070999,0.969258,0.708937
110.070999,0.965542,0.710014
110.070999,0.962157,0.712346
110.092003,0.958384,0.714566
110.112999,0.954775,0.716391
110.112999,0.950881,0.718523
110.135002,0.947578,0.719001
110.135002,0.944023,0.720276
110.155998,0.940463,0.721549
110.155998,0.937132,0.721807
110.177002,0.933823,0.722268
110.177002,0.930271,0.721597
110.198997,0.927196,0.721042
110.220001,0.924121,0.720487
110.220001,0.920874,0.719737
110.240997,0.918352,0.718879
110.240997,0.915660,0.717842
110.240997,0.913316,0.716939
110.263000,0.910894,0.716498
110.263000,0.908749,0.715249
110.283997,0.906328,0.714874
110.305000,0.904138,0.714871
110.305000,0.901618,0.714175
110.327003,0.899180,0.714078
110.327003,0.896563,0.713007
110.348000,0.894022,0.711554
110.348000,0.891893,0.711414
110.369003,0.889046,0.710045
110.369003,0.886606,0.709985
110.390999,0.884026,0.709745
110.412003,0.881177,0.709294
110.412003,0.878266,0.708296
110.412003,0.875308,0.708454
110.432999,0.872460,0.707965
110.432999,0.869630,0.708290
110.455002,0.866375,0.709290
110.455002,0.863617,0.709292
110.475998,0.860785,0.709596
110.497002,0.857688,0.708803
110.497002,0.854855,0.709091
110.518997,0.851623,0.709677
110.518997,0.848779,0.709090
110.540001,0.845963,0.708940
110.540001,0.843114,0.707465
110.560997,0.840365,0.706164
110.560997,0.837937,0.705253
110.560997,0.835199,0.704788
110.583000,0.832700,0.703238
110.603996,0.830370,0.702518
110.603996,0.828053,0.703074
110.625000,0.825650,0.702563
110.625000,0.823173,0.701369
110.647003,0.820775,0.700835
110.647003,0.818783,0.699229
110.667999,0.816864,0.698696
110.667999,0.814878,0.698861
110.689003,0.812886,0.698513
110.710999,0.810967,0.699763
110.710999,0.809380,0.700139
110.732002,0.807386,0.700681
110.732002,0.805709,0.702444
110.732002,0.804047,0.702098
110.752998,0.802386,0.701751
110.775002,0.800390,0.701399
110.775002,0.798683,0.699973
110.795998,0.797030,0.698734
110.795998,0.795042,0.697482
110.817001,0.793392,0.696235
110.817001,0.791740,0.695880
110.838997,0.790129,0.695710
110.838997,0.788478,0.695354
110.860001,0.786899,0.694900
110.880997,0.785546,0.695738
110.880997,0.783898,0.695383
110.880997,0.782352,0.695128
110.903000,0.780705,0.694777
110.903000,0.779397,0.694443
110.924004,0.777850,0.694206
110.924004,0.776544,0.693878
110.945000,0.774934,0.692816
110.945000,0.773301,0.691568
110.967003,0.771287,0.690532
110.987999,0.769189,0.689346
110.987999,0.767163,0.688093
111.009003,0.765078,0.687947
111.009003,0.762658,0.686652
111.030998,0.759917,0.685461
111.030998,0.757320,0.683117
111.052002,0.754715,0.681848
111.052002,0.752113,0.680399
111.072998,0.749621,0.680048
111.072998,0.746731,0.679655
111.095001,0.744221,0.680256
111.095001,0.742046,0.680926
111.115997,0.739615,0.680693
111.115997,0.737106,0.681365
111.137001,0.734931,0.681359
111.137001,0.732774,0.681204
111.158997,0.730555,0.681008
111.180000,0.728040,0.681013
111.180000,0.725761,0.680765
111.200996,0.723229,0.679636
111.200996,0.720924,0.679553
111.223000,0.718283,0.679415
111.223000,0.716012,0.679156
111.223000,0.713765,0.679169
111.244003,0.711104,0.679929
111.264999,0.708463,0.679771
111.264999,0.705800,0.680512
111.287003,0.703490,0.680398
111.287003,0.700789,0.680070
111.307999,0.697680,0.680718
111.307999,0.694981,0.680338
111.329002,0.692280,0.680269
111.329002,0.689256,0.679777
111.350998,0.686226,0.679605
111.372002,0.683195,0.679419
111.372002,0.680622,0.679351
111.372002,0.677592,0.679152
111.392998,0.674620,0.679163
111.392998,0.671972,0.679262
111.415001,0.669000,0.679282
111.415001,0.666383,0.678509
111.435997,0.663791,0.678880
111.457001,0.661175,0.678132
111.457001,0.658826,0.677214
111.478996,0.656181,0.677357
111.478996,0.653602,0.675757
111.500000,0.651257,0.674844
111.500000,0.648892,0.673497
111.521004,0.646285,0.672802
111.521004,0.643944,0.671899
111.542999,0.641146,0.671916
111.542999,0.638446,0.670593
111.564003,0.635650,0.670587
111.564003,0.632839,0.669372
111.584999,0.630388,0.668581
111.584999,0.627663,0.666833
111.607002,0.624870,0.666798
111.607002,0.622115,0.665902
111.627998,0.619326,0.665853
111.649002,0.616145,0.666205
111.649002,0.613360,0.666143
111.670998,0.610517,0.665761
111.670998,0.607590,0.665818
111.692001,0.604745,0.665448
111.692001,0.601899,0.665090
111.692001,0.598758,0.664635
111.712997,0.596211,0.665668
111.735001,0.593365,0.665349
111.735001,0.590524,0.666307
111.755997,0.587684,0.667282
111.755997,0.584675,0.667126
111.777000,0.581876,0.667334
111.777000,0.578865,0.667208
111.799004,0.576026,0.666973
111.799004,0.572973,0.666373
111.820000,0.569960,0.664988
111.841003,0.566948,0.664894
111.841003,0.563897,0.664294
111.862999,0.560928,0.663447
111.862999,0.557459,0.663382
111.862999,0.554453,0.663330
111.884003,0.551213,0.664151
111.884003,0.548318,0.664897
111.904999,0.545114,0.664988
111.927002,0.542113,0.664980
111.927002,0.538911,0.665090
111.947998,0.536012,0.664604
111.947998,0.532810,0.664740
111.969002,0.529866,0.665005
111.969002,0.526883,0.664677
111.990997,0.523936,0.664957
111.990997,0.521172,0.664529
112.012001,0.518155,0.663578
112.032997,0.515421,0.663366
112.032997,0.512407,0.662392
112.032997,0.509671,0.662171
112.055000,0.506970,0.661059
112.055000,0.504203,0.660190
112.075996,0.501424,0.660629
112.075996,0.498657,0.659736
112.097000,0.495923,0.659504
112.119003,0.493159,0.658594
112.119003,0.490849,0.659044
112.139999,0.488135,0.657482
112.139999,0.485628,0.657374
112.161003,0.483044,0.657192
112.161003,0.480782,0.657001
112.182999,0.478272,0.656890
112.182999,0.476040,0.657420
112.182999,0.473948,0.657980
112.204002,0.471692,0.657802
112.224998,0.469648,0.657764
112.224998,0.467577,0.657001
112.247002,0.465532,0.656968
112.247002,0.463746,0.656868
112.267998,0.461725,0.655529
112.267998,0.460145,0.655576
112.289001,0.458076,0.654816
112.310997,0.456543,0.654307
112.310997,0.454938,0.653617
112.332001,0.452895,0.653618
112.332001,0.451338,0.652377
112.352997,0.449541,0.651559
112.352997,0.447939,0.650875
112.352997,0.446361,0.650961
112.375000,0.444760,0.650280
112.375000,0.443160,0.649599
112.396004,0.441449,0.650423
112.417000,0.439801,0.650267
112.417000,0.438175,0.650889
112.439003,0.436529,0.650722
112.439003,0.435368,0.649321
112.459999,0.433724,0.649142
112.459999,0.432537,0.649038
112.481003,0.431071,0.648983
112.502998,0.429883,0.648869
112.502998,0.428696,0.648752
112.502998,0.427914,0.649214
112.524002,0.426727,0.649087
112.524002,0.425821,0.648908
112.544998,0.424789,0.648107
112.544998,0.424006,0.648548
112.567001,0.423554,0.648453
112.567001,0.422755,0.648076
112.587997,0.422304,0.647978
112.609001,0.421838,0.647068
112.609001,0.421505,0.647590
112.630997,0.420992,0.647154
112.630997,0.420978,0.646339
112.652000,0.420645,0.646855
112.652000,0.420582,0.646517
112.672997,0.420582,0.646517
112.672997,0.420520,0.646178
112.695000,0.420754,0.646620
112.695000,0.420920,0.646764
112.716003,0.421153,0.647207
112.716003,0.421604,0.647317
112.737000,0.421837,0.647761
112.737000,0.422287,0.647871
112.759003,0.422675,0.647650
112.759003,0.423075,0.648244
112.779999,0.423797,0.647511
112.801003,0.424480,0.648073
112.801003,0.424880,0.648672
112.822998,0.425614,0.648750
112.822998,0.426519,0.648973
112.844002,0.427470,0.648700
112.844002,0.428324,0.649417
112.844002,0.429045,0.648692
112.864998,0.430232,0.648878
112.887001,0.431367,0.649562
112.887001,0.432100,0.649634
112.907997,0.433273,0.649019
112.907997,0.434409,0.649705
112.929001,0.435596,0.649881
112.929001,0.436770,0.649265
112.950996,0.437906,0.649953
112.950996,0.439093,0.650122
112.972000,0.440398,0.650176
112.992996,0.441859,0.650299
112.992996,0.443505,0.650561
112.992996,0.445100,0.651351
113.014999,0.446680,0.651371
113.014999,0.448327,0.651622
113.036003,0.450385,0.652509
113.036003,0.452426,0.652634
113.056999,0.454734,0.652712
113.079002,0.456794,0.653598
113.079002,0.459299,0.653826
113.099998,0.461604,0.653911
113.099998,0.464109,0.654144
113.121002,0.466615,0.654380
113.121002,0.469121,0.654618
113.142998,0.471837,0.655004
113.142998,0.474294,0.655848
113.164001,0.477296,0.654861
113.164001,0.480041,0.655965
113.184998,0.482796,0.656148
113.184998,0.485521,0.656540
113.207001,0.488714,0.657008
113.207001,0.491419,0.656715
113.227997,0.494148,0.657114
113.227997,0.497116,0.657442
113.249001,0.500101,0.656659
113.271004,0.502831,0.657058
113.271004,0.506077,0.656853
113.292000,0.509044,0.657385
113.292000,0.512048,0.657018
113.313004,0.515230,0.657042
113.313004,0.518249,0.656875
113.313004,0.521459,0.655991
113.334999,0.524678,0.656643
113.334999,0.527834,0.656467
113.356003,0.531056,0.657119
113.376999,0.534459,0.657087
113.376999,0.537988,0.657138
113.399002,0.541217,0.657778
113.399002,0.544877,0.657880
113.419998,0.548073,0.657957
113.419998,0.551568,0.658724
113.441002,0.555032,0.658940
113.462997,0.558541,0.658398
113.462997,0.561777,0.657731
113.484001,0.565239,0.657964
113.484001,0.568477,0.659092
113.484001,0.571939,0.659350
113.504997,0.575506,0.659843
113.504997,0.579010,0.659320
113.527000,0.582621,0.660303
113.527000,0.586404,0.661165
113.547997,0.589736,0.660740
113.569000,0.593475,0.661136
113.569000,0.597346,0.661767
113.591003,0.600968,0.661463
113.591003,0.604550,0.661989
113.612000,0.608428,0.662635
113.612000,0.612308,0.663285
113.633003,0.616233,0.664326
113.654999,0.620372,0.664705
113.654999,0.624159,0.664638
113.654999,0.628300,0.665049
113.676003,0.632316,0.665611
113.676003,0.636336,0.666198
113.696999,0.640274,0.667357
113.696999,0.644297,0.668006
113.719002,0.648272,0.668376
113.719002,0.652283,0.667912
113.739998,0.655873,0.667516
113.761002,0.659781,0.667263
113.761002,0.663654,0.667939
113.782997,0.667564,0.667768
113.782997,0.671524,0.667874
113.804001,0.675110,0.667668
113.804001,0.678936,0.667745
113.804001,0.682816,0.668069
113.824997,0.686323,0.668114
113.847000,0.689918,0.667480
113.847000,0.693475,0.667772
113.867996,0.696704,0.667983
113.867996,0.700236,0.667551
113.889000,0.703840,0.668052
113.889000,0.707065,0.668603
113.911003,0.710674,0.669383
113.911003,0.714286,0.670143
113.931999,0.718288,0.671079
113.953003,0.721906,0.671786
113.953003,0.725887,0.671637
113.974998,0.729563,0.672370
113.974998,0.733129,0.672180
113.974998,0.737079,0.672875
113.996002,0.740705,0.672712
113.996002,0.744275,0.672501
114.016998,0.747938,0.673247
114.039001,0.751900,0.673086
114.039001,0.755506,0.673760
114.059998,0.758744,0.673616
114.059998,0.762351,0.674263
114.081001,0.765573,0.675037
114.081001,0.768798,0.675816
114.102997,0.771964,0.676650
114.102997,0.774879,0.676477
114.124001,0.778065,0.676431
114.124001,0.780963,0.677195
114.144997,0.784130,0.678097
114.144997,0.787377,0.678013
114.167000,0.790376,0.678871
114.167000,0.793606,0.679696
114.188004,0.796880,0.680699
114.188004,0.800157,0.681703
114.209000,0.803503,0.682568
114.231003,0.806786,0.683565
114.231003,0.810401,0.684593
114.251999,0.814477,0.685657
114.251999,0.818161,0.686847
114.273003,0.822242,0.688748
114.273003,0.826266,0.689928
114.294998,0.830301,0.691497
114.294998,0.834344,0.693077
114.316002,0.838704,0.694246
114.316002,0.842921,0.695771
114.336998,0.847452,0.695969
114.336998,0.851909,0.696400
114.359001,0.856543,0.696724
114.359001,0.861002,0.697958
114.379997,0.865322,0.698224
114.379997,0.870083,0.698629
114.401001,0.874654,0.699131
114.422997,0.879123,0.700318
114.422997,0.883694,0.700769
114.444000,0.888484,0.701838
114.444000,0.893098,0.702272
114.464996,0.897575,0.702477
114.464996,0.902051,0.702644
114.464996,0.906506,0.701981
114.487000,0.910976,0.702079
114.508003,0.915287,0.701602
114.508003,0.919431,0.700921
114.528999,0.923836,0.700713
114.528999,0.927997,0.700742
114.551003,0.932046,0.700989
114.551003,0.936098,0.701211
114.571999,0.940184,0.702150
114.571999,0.944176,0.702818
114.593002,0.948235,0.702962
114.614998,0.952462,0.704496
114.614998,0.956458,0.705118
114.614998,0.960760,0.706061
114.636002,0.965215,0.707675
114.636002,0.969200,0.709192
114.656998,0.973634,0.710061
114.656998,0.977956,0.710841
114.679001,0.982185,0.712430
114.699997,0.986632,0.713215
114.699997,0.990830,0.714100
114.721001,0.995280,0.714842
114.721001,0.999494,0.714444
114.742996,0.003596,0.714037
114.742996,0.007706,0.713926
114.764000,0.011750,0.714193
114.764000,0.015616,0.713973
114.785004,0.019711,0.713638
114.785004,0.023577,0.712209
114.806999,0.027805,0.712087
114.806999,0.031981,0.711387
114.828003,0.036211,0.711243
114.828003,0.040439,0.711084
114.848999,0.044076,0.711085
114.848999,0.047934,0.711953
114.871002,0.051846,0.712137
114.891998,0.055759,0.712340
114.891998,0.059672,0.712562
114.913002,0.063215,0.712583
114.913002,0.067045,0.712729
114.934998,0.070878,0.712867
114.934998,0.074312,0.713154
114.934998,0.077791,0.712710
114.956001,0.081104,0.713644
114.956001,0.084402,0.713664
114.976997,0.087532,0.714148
114.999001,0.091069,0.714390
114.999001,0.094206,0.715058
115.019997,0.097238,0.716045
115.019997,0.100233,0.717785
115.041000,0.103187,0.719286
115.041000,0.106575,0.721455
115.063004,0.110510,0.721915
115.084000,0.113881,0.723730
115.084000,0.117825,0.724040
115.105003,0.121598,0.725262
115.105003,0.125333,0.725286
115.105003,0.128962,0.725743
115.126999,0.132916,0.726245
115.126999,0.136795,0.726414
115.148003,0.140701,0.725752
115.148003,0.144660,0.726173
115.168999,0.148891,0.725523
115.191002,0.152767,0.725623
115.191002,0.156992,0.724929
115.211998,0.161099,0.725247
115.211998,0.165219,0.725120
115.233002,0.169665,0.725454
115.233002,0.173793,0.724884
115.254997,0.178244,0.725171
115.254997,0.182707,0.724583
115.276001,0.186908,0.724109
115.276001,0.191353,0.724310
115.296997,0.195744,0.723836
115.296997,0.200131,0.724193
115.319000,0.204093,0.724398
115.319000,0.208402,0.723753
115.339996,0.212707,0.723104
115.339996,0.216663,0.721584
115.361000,0.220844,0.721062
115.383003,0.224762,0.720628
115.383003,0.228620,0.719066
115.403999,0.232875,0.718643
115.403999,0.237119,0.719298
115.425003,0.241372,0.718875
115.425003,0.245537,0.718646
115.425003,0.249789,0.719314
115.446999,0.254044,0.719980
115.468002,0.257954,0.720667
115.468002,0.262134,0.720700
115.488998,0.266390,0.721377
115.488998,0.270574,0.721442
115.511002,0.274496,0.721488
115.511002,0.278857,0.722292
115.531998,0.283124,0.722295
115.531998,0.287183,0.723297
115.553001,0.291514,0.724349
115.574997,0.295518,0.724251
115.574997,0.299834,0.724424
115.596001,0.303708,0.723939
115.596001,0.307662,0.723321
115.596001,0.311613,0.722707
115.616997,0.315223,0.722157
115.616997,0.319167,0.721558
115.639000,0.322848,0.721222
115.660004,0.326425,0.719852
115.660004,0.330417,0.718626
115.681000,0.333982,0.717285
115.681000,0.337659,0.716995
115.703003,0.341310,0.715873
115.703003,0.344984,0.715608
115.723999,0.348728,0.715085
115.723999,0.352577,0.714738
115.745003,0.356213,0.713658
115.766998,0.360061,0.713307
115.766998,0.363445,0.713649
115.766998,0.367223,0.713623
115.788002,0.370999,0.713609
115.788002,0.374740,0.712791
115.808998,0.378399,0.712718
115.808998,0.382551,0.712288
115.831001,0.386455,0.712480
115.851997,0.390118,0.712394
115.851997,0.394055,0.711415
115.873001,0.398179,0.711397
115.873001,0.402252,0.711571
115.894997,0.406076,0.711616
115.894997,0.409999,0.710608
115.916000,0.413592,0.710914
115.916000,0.417081,0.710294
115.936996,0.420692,0.709408
115.936996,0.424225,0.709556
115.959000,0.427537,0.708789
115.959000,0.431072,0.708937
115.980003,0.434378,0.708183
115.980003,0.437852,0.708828
116.000999,0.441061,0.708367
116.000999,0.444538,0.709037
116.023003,0.447550,0.708445
116.043999,0.450760,0.708019
116.043999,0.453970,0.707603
116.065002,0.456702,0.707169
116.065002,0.459853,0.707322
116.086998,0.463118,0.706397
116.086998,0.466011,0.705457
116.086998,0.468689,0.704393
116.108002,0.471835,0.704635
116.108002,0.474726,0.703767
116.128998,0.477618,0.702921
116.151001,0.480028,0.702076
116.151001,0.482918,0.701280
116.171997,0.485326,0.700484
116.171997,0.488158,0.700346
116.193001,0.490795,0.699751
116.193001,0.493532,0.699210
116.214996,0.496414,0.698536
116.236000,0.499051,0.698008
116.236000,0.501732,0.698141
116.236000,0.504467,0.697648
116.257004,0.506911,0.697929
116.257004,0.509645,0.697454
116.278999,0.512424,0.697598
116.278999,0.514924,0.697254
116.300003,0.517653,0.696792
116.320999,0.520102,0.697135
116.320999,0.522603,0.696817
116.343002,0.525152,0.697096
116.343002,0.527702,0.697371
116.363998,0.530303,0.696952
116.363998,0.532804,0.696647
116.385002,0.535402,0.696214
116.385002,0.537901,0.695915
116.406998,0.540446,0.694913
116.406998,0.542732,0.693493
116.428001,0.545004,0.692370
116.428001,0.547388,0.692048
116.448997,0.549924,0.691047
116.448997,0.552307,0.690712
116.471001,0.554836,0.689707
116.471001,0.557545,0.689996
116.491997,0.560076,0.690244
116.491997,0.562415,0.690627
116.513000,0.564859,0.692519
116.535004,0.567159,0.693655
116.535004,0.569514,0.695283
116.556000,0.571933,0.697923
116.556000,0.574028,0.701206
116.577003,0.576186,0.704953
116.577003,0.578643,0.708797
116.577003,0.580704,0.713117
116.598999,0.582688,0.718922
116.620003,0.584684,0.724688
116.620003,0.586894,0.731130
116.640999,0.588801,0.737132
116.640999,0.590763,0.742354
116.663002,0.592514,0.748465
116.663002,0.594274,0.754538
116.683998,0.595988,0.761293
116.683998,0.597804,0.769034
116.705002,0.599535,0.775667
116.726997,0.601009,0.782080
116.726997,0.602754,0.788588
116.726997,0.604505,0.795709
116.748001,0.605795,0.803850
116.748001,0.607214,0.810671
116.768997,0.608460,0.817629
116.768997,0.609582,0.824188
116.791000,0.610819,0.830981
116.811996,0.611344,0.837548
116.811996,0.612423,0.843854
116.833000,0.612702,0.850450
116.833000,0.613218,0.856130
116.855003,0.613285,0.862071
116.855003,0.613648,0.867233
116.875999,0.613864,0.872863
116.875999,0.614155,0.877863
116.897003,0.614170,0.881612
116.897003,0.614115,0.885791
116.918999,0.614233,0.889686
116.918999,0.614104,0.893734
116.940002,0.614120,0.897968
116.940002,0.614328,0.902045
116.960999,0.614500,0.906053
116.960999,0.615003,0.909784
116.983002,0.615291,0.913075
117.003998,0.616122,0.915686
117.003998,0.616295,0.917868
117.025002,0.617130,0.920416
117.025002,0.617517,0.922764
117.046997,0.618362,0.925243
117.046997,0.619216,0.927686
117.046997,0.619799,0.929545
117.068001,0.620414,0.931718
117.088997,0.621487,0.933686
117.088997,0.622548,0.934901
117.111000,0.623643,0.936431
117.111000,0.624965,0.937969
117.132004,0.626872,0.939797
117.132004,0.628301,0.941451
117.153000,0.629698,0.942926
117.153000,0.631382,0.944184
117.175003,0.633092,0.945423
117.195999,0.634495,0.946168
117.195999,0.635707,0.947247
117.217003,0.636610,0.948154
117.217003,0.637035,0.949282
117.217003,0.637475,0.950700
117.238998,0.638734,0.951731
117.238998,0.639963,0.952620
117.260002,0.642083,0.953254
117.280998,0.643820,0.953604
117.280998,0.645364,0.954269
117.303001,0.646129,0.955134
117.303001,0.647244,0.956295
117.323997,0.647564,0.957643
117.323997,0.648099,0.958665
117.345001,0.649250,0.959500
117.345001,0.650281,0.960009
117.366997,0.651740,0.960911
117.388000,0.651904,0.961499
117.388000,0.652912,0.962591
117.388000,0.654172,0.963647
117.408997,0.655703,0.964232
117.408997,0.657463,0.965367
117.431000,0.660410,0.966098
117.431000,0.663442,0.967364
117.452003,0.666817,0.968402
117.473000,0.669341,0.969515
117.473000,0.670706,0.970450
117.495003,0.672110,0.971368
117.495003,0.673555,0.972267
117.515999,0.674276,0.973256
117.515999,0.674832,0.974474
117.537003,0.675402,0.975665
117.537003,0.674971,0.977005
117.537003,0.675552,0.978137
117.558998,0.674435,0.979132
117.580002,0.675004,0.980006
117.580002,0.674711,0.981011
117.600998,0.675575,0.981691
117.600998,0.675505,0.982453
117.623001,0.675701,0.983050
117.623001,0.676862,0.983498
117.643997,0.678322,0.983792
117.643997,0.678573,0.984183
117.665001,0.679592,0.984799
117.686996,0.680876,0.985218
117.686996,0.680910,0.985905
117.708000,0.681712,0.986123
117.708000,0.682260,0.986478
117.708000,0.682819,0.986827
117.728996,0.683656,0.987037
117.750999,0.683148,0.987506
117.750999,0.682632,0.987806
117.772003,0.683214,0.988139
117.772003,0.684088,0.988337
117.792999,0.683809,0.988467
117.792999,0.684714,0.988506
117.815002,0.684714,0.988506
117.815002,0.683585,0.988472
117.835999,0.683054,0.988761
117.857002,0.683054,0.988761
117.857002,0.681359,0.989010
117.857002,0.681359,0.989010
117.878998,0.682285,0.989051
117.878998,0.683215,0.989090
117.900002,0.683215,0.989090
117.900002,0.684148,0.989129
117.920998,0.682445,0.989376
117.943001,0.683391,0.989415
117.943001,0.682843,0.989692
117.963997,0.683806,0.989729
117.963997,0.683806,0.989729
117.985001,0.683806,0.989729
117.985001,0.684996,0.989761
118.007004,0.684996,0.989761
118.007004,0.684996,0.989761
118.028000,0.685727,0.989948
118.028000,0.687648,0.990133
118.049004,0.688867,0.990161
118.049004,0.689090,0.990157
118.070999,0.690316,0.990328
118.070999,0.691558,0.990497
118.092003,0.691781,0.990493
118.092003,0.693037,0.990660
118.112999,0.696621,0.990875
118.112999,0.699391,0.990912
118.135002,0.702013,0.991090
118.155998,0.707195,0.991154
118.155998,0.709912,0.991319
118.177002,0.714200,0.991229
118.177002,0.716879,0.991502
118.198997,0.720907,0.991543
118.198997,0.722464,0.991544
118.198997,0.726474,0.991408
118.220001,0.729143,0.991288
118.240997,0.732002,0.991280
118.240997,0.734839,0.991149
118.263000,0.736371,0.991140
118.263000,0.737796,0.990864
118.283997,0.739262,0.990731
118.283997,0.740541,0.990722
118.305000,0.740630,0.990448
118.305000,0.740855,0.990445
118.327003,0.742193,0.990156
118.348000,0.742359,0.990028
118.348000,0.742585,0.989584
118.348000,0.742899,0.989291
118.369003,0.743165,0.988862
118.369003,0.744651,0.988548
118.390999,0.747034,0.988219
118.390999,0.748458,0.987894
118.412003,0.751777,0.987397
118.432999,0.755090,0.987023
118.432999,0.758325,0.986637
118.455002,0.761198,0.985913
118.455002,0.763447,0.985523
118.475998,0.766451,0.985099
118.475998,0.768605,0.984692
118.497002,0.771715,0.984242
118.497002,0.773780,0.983819
118.518997,0.776776,0.983348
118.518997,0.778759,0.982908
118.540001,0.780709,0.982460
118.540001,0.782627,0.982006
118.560997,0.784514,0.981544
118.560997,0.786370,0.981076
118.583000,0.786846,0.980913
118.583000,0.787317,0.980696
118.603996,0.787591,0.980318
118.625000,0.788754,0.979888
118.625000,0.789234,0.979667
118.647003,0.790364,0.979452
118.647003,0.792353,0.979126
118.667999,0.793886,0.978631
118.667999,0.795195,0.978576
118.667999,0.796920,0.978073
118.689003,0.799446,0.977669
118.689003,0.801565,0.977549
118.710999,0.803442,0.977030
118.732002,0.805303,0.976672
118.732002,0.807376,0.976311
118.752998,0.809987,0.975709
118.752998,0.813033,0.975269
118.775002,0.816097,0.974333
118.775002,0.819077,0.973132
118.795998,0.821492,0.972238
118.817001,0.825607,0.971583
118.817001,0.828444,0.971093
118.838997,0.831484,0.970242
118.838997,0.834700,0.969382
118.838997,0.837179,0.968604
118.860001,0.840026,0.967540
118.860001,0.842185,0.966471
118.880997,0.844573,0.965662
118.880997,0.846709,0.964831
118.903000,0.849300,0.964284
118.924004,0.851388,0.963437
118.924004,0.852974,0.962279
118.945000,0.854398,0.961527
118.945000,0.856426,0.960651
118.967003,0.857201,0.959732
118.967003,0.858602,0.958962
118.987999,0.859995,0.958188
119.009003,0.861380,0.957410
119.009003,0.862758,0.956627
119.009003,0.863771,0.955989
119.030998,0.864843,0.955515
119.030998,0.866782,0.954598
119.052002,0.868135,0.953803
119.052002,0.869141,0.953162
119.072998,0.870542,0.952522
119.095001,0.872161,0.951911
119.095001,0.873162,0.951558
119.115997,0.874219,0.951077
119.115997,0.875319,0.950234
119.137001,0.876636,0.949423
119.137001,0.877688,0.948939
119.158997,0.878136,0.948724
119.158997,0.879504,0.948067
119.158997,0.880554,0.947583
119.180000,0.881003,0.947374
119.200996,0.882053,0.946892
119.200996,0.882822,0.946214
119.223000,0.883065,0.945670
119.223000,0.884420,0.945008
119.244003,0.884961,0.944366
119.244003,0.886034,0.943501
119.264999,0.887083,0.943020
119.287003,0.887635,0.942288
119.287003,0.888368,0.942295
119.307999,0.888883,0.942251
119.307999,0.888926,0.941654
119.329002,0.888874,0.941598
119.329002,0.889365,0.941856
119.329002,0.889561,0.942302
119.350998,0.889779,0.942357
119.350998,0.890272,0.942614
119.372002,0.890489,0.942669
119.392998,0.890787,0.942577
119.392998,0.891004,0.942632
119.415001,0.890189,0.942951
119.415001,0.889888,0.943136
119.435997,0.889888,0.943136
119.435997,0.889258,0.943798
119.457001,0.889258,0.943798
119.478996,0.889258,0.943798
119.478996,0.889562,0.943615
119.478996,0.889041,0.943744
119.500000,0.888551,0.943486
119.500000,0.888029,0.943614
119.521004,0.887018,0.943483
119.521004,0.886991,0.943779
119.542999,0.886503,0.943521
119.542999,0.885762,0.943595
119.564003,0.885158,0.943866
119.584999,0.884105,0.944116
119.584999,0.883764,0.944588
119.607002,0.882889,0.945182
119.607002,0.882007,0.945771
119.627998,0.881174,0.945981
119.627998,0.880064,0.946516
119.649002,0.879228,0.946724
119.649002,0.877780,0.947417
119.670998,0.877198,0.947828
119.670998,0.875655,0.948645
119.692001,0.874509,0.949162
119.692001,0.873100,0.949472
119.712997,0.871720,0.949941
119.712997,0.869733,0.950352
119.735001,0.868305,0.950651
119.735001,0.865883,0.950506
119.755997,0.863874,0.950898
119.777000,0.860878,0.950831
119.777000,0.858852,0.951206
119.799004,0.855644,0.951754
119.799004,0.853000,0.952195
119.820000,0.850502,0.952292
119.820000,0.846671,0.952201
119.820000,0.843817,0.951900
119.841003,0.839524,0.952189
119.862999,0.835097,0.952102
119.862999,0.830675,0.951982
119.884003,0.826492,0.951518
119.884003,0.822483,0.951254
119.904999,0.818963,0.950694
119.904999,0.814916,0.950028
119.927002,0.811128,0.949362
119.927002,0.806827,0.949071
119.947998,0.803384,0.948058
119.969002,0.799102,0.947335
119.969002,0.794262,0.946595
119.969002,0.789984,0.945169
119.990997,0.785851,0.944323
119.990997,0.781404,0.943467
120.012001,0.776781,0.942538
120.012001,0.772576,0.941148
120.032997,0.767493,0.940113
120.055000,0.762280,0.938342
120.055000,0.757720,0.936780
120.075996,0.752424,0.934439
120.075996,0.747630,0.931596
120.097000,0.742428,0.928609
120.097000,0.736426,0.926119
120.119003,0.730046,0.923439
120.119003,0.723313,0.920544
120.139999,0.716663,0.917748
120.139999,0.710619,0.914170
120.161003,0.704275,0.911088
120.161003,0.697960,0.907249
120.182999,0.692483,0.904383
120.182999,0.686759,0.901784
120.204002,0.681264,0.898570
120.204002,0.676789,0.894819
120.224998,0.671870,0.890866
120.247002,0.667243,0.886986
120.247002,0.662373,0.883038
120.267998,0.657757,0.878748
120.267998,0.653096,0.875348
120.289001,0.648646,0.871320
120.289001,0.644802,0.867659
120.289001,0.640760,0.863182
120.310997,0.636500,0.858946
120.310997,0.632940,0.854560
120.332001,0.628740,0.850693
120.352997,0.624704,0.847081
120.352997,0.620830,0.843055
120.375000,0.616436,0.839849
120.375000,0.612456,0.835915
120.396004,0.609049,0.831991
120.396004,0.605382,0.827856
120.417000,0.602042,0.823859
120.439003,0.598446,0.819630
120.439003,0.595300,0.814964
120.459999,0.592169,0.811290
120.459999,0.588819,0.807746
120.459999,0.585726,0.804044
120.481003,0.581884,0.798931
120.481003,0.578711,0.793263
120.502998,0.575295,0.788753
120.524002,0.572109,0.784103
120.524002,0.568848,0.778938
120.544998,0.565709,0.774698
120.544998,0.563022,0.770148
120.567001,0.559793,0.764999
120.567001,0.556811,0.759605
120.587997,0.553842,0.754199
120.587997,0.551200,0.749541
120.609001,0.548458,0.745543
120.630997,0.545996,0.741319
120.630997,0.543467,0.738329
120.630997,0.541163,0.735091
120.652000,0.538725,0.732005
120.652000,0.536287,0.728956
120.672997,0.533986,0.726256
120.672997,0.531825,0.723880
120.695000,0.529474,0.722437
120.716003,0.527833,0.720801
120.716003,0.525825,0.718985
120.737000,0.524496,0.716665
120.737000,0.523187,0.714656
120.759003,0.521543,0.713101
120.759003,0.520600,0.711299
120.779999,0.519437,0.709901
120.779999,0.518040,0.708598
120.779999,0.517199,0.706787
120.801003,0.516107,0.704793
120.822998,0.515258,0.703010
120.822998,0.514058,0.701079
120.844002,0.512653,0.699859
120.844002,0.511452,0.697956
120.864998,0.510046,0.696769
120.864998,0.508609,0.694972
120.887001,0.507172,0.693186
120.887001,0.505735,0.691413
120.907997,0.504534,0.689830
120.929001,0.503362,0.688649
120.929001,0.502159,0.687091
120.950996,0.501129,0.686102
120.950996,0.499923,0.684563
120.950996,0.498742,0.683691
120.972000,0.497452,0.681908
120.972000,0.496242,0.680403
120.992996,0.495186,0.678798
121.014999,0.493887,0.677272
121.014999,0.492446,0.675631
121.036003,0.491205,0.673490
121.036003,0.489764,0.671876
121.056999,0.488076,0.670351
121.056999,0.486635,0.668770
121.079002,0.484921,0.666586
121.079002,0.483183,0.663712
121.099998,0.481394,0.661452
121.099998,0.479391,0.659039
121.121002,0.477378,0.657543
121.121002,0.475152,0.655904
121.142998,0.473394,0.654356
121.142998,0.471243,0.652857
121.164001,0.469232,0.651385
121.164001,0.467497,0.650596
121.184998,0.465486,0.649138
121.207001,0.463272,0.647545
121.207001,0.461263,0.646098
121.227997,0.459038,0.643766
121.227997,0.456705,0.642185
121.249001,0.454488,0.639844
121.249001,0.452012,0.637546
121.271004,0.449731,0.635378
121.271004,0.447573,0.632484
121.292000,0.445282,0.629529
121.292000,0.443088,0.627189
121.313004,0.440803,0.624215
121.313004,0.438520,0.621228
121.334999,0.436061,0.618108
121.334999,0.434057,0.615078
121.356003,0.431784,0.612064
121.356003,0.429513,0.609041
121.376999,0.427245,0.606011
121.399002,0.425256,0.602962
121.399002,0.423271,0.599912
121.419998,0.421212,0.596480
121.419998,0.419232,0.593431
121.441002,0.416977,0.590389
121.441002,0.415164,0.587441
121.441002,0.413351,0.584492
121.462997,0.411570,0.581928
121.484001,0.410040,0.578986
121.484001,0.408229,0.576046
121.504997,0.406730,0.571779
121.504997,0.405356,0.568057
121.527000,0.404006,0.563872
121.527000,0.402484,0.560069
121.547997,0.401395,0.556349
121.547997,0.400451,0.552694
121.569000,0.399362,0.548970
121.591003,0.398269,0.546136
121.591003,0.397608,0.542489
121.591003,0.396952,0.537948
121.612000,0.396150,0.534247
121.612000,0.395928,0.530224
121.633003,0.395563,0.526155
121.633003,0.395323,0.522566
121.654999,0.395220,0.519860
121.676003,0.395254,0.516731
121.676003,0.395297,0.513163
121.696999,0.395757,0.510086
121.696999,0.396085,0.506542
121.719002,0.396831,0.503494
121.719002,0.397294,0.500414
121.739998,0.398031,0.498261
121.739998,0.398780,0.495216
121.761002,0.399518,0.493064
121.761002,0.400253,0.491368
121.782997,0.401274,0.489258
121.782997,0.402144,0.488464
121.804001,0.403138,0.488591
121.804001,0.403862,0.487793
121.824997,0.405014,0.487515
121.824997,0.406169,0.486775
121.847000,0.407158,0.487384
121.867996,0.408580,0.487573
121.867996,0.409719,0.488201
121.889000,0.411137,0.488880
121.889000,0.412709,0.489580
121.911003,0.414126,0.490275
121.911003,0.415817,0.491024
121.911003,0.417390,0.491752
121.931999,0.418809,0.491966
121.931999,0.420657,0.492754
121.931999,0.422239,0.492991
121.953003,0.423665,0.492875
121.953003,0.425512,0.493690
121.974998,0.427103,0.493620
121.974998,0.428518,0.493856
121.996002,0.430095,0.494650
121.996002,0.431509,0.494888
122.016998,0.433079,0.495990
122.039001,0.434491,0.496225
122.039001,0.436077,0.496487
122.059998,0.437238,0.495846
122.059998,0.438840,0.495283
122.059998,0.440248,0.495525
122.081001,0.441132,0.495672
122.081001,0.442278,0.495866
122.102997,0.443438,0.495241
122.124001,0.444323,0.495391
122.124001,0.445485,0.494772
122.144997,0.446203,0.494081
122.144997,0.447348,0.494282
122.167000,0.448235,0.494435
122.167000,0.449396,0.493827
122.188004,0.450105,0.493367
122.188004,0.450994,0.493519
122.209000,0.452138,0.493720
122.231003,0.453283,0.493921
122.231003,0.454172,0.494074
122.231003,0.455317,0.494276
122.251999,0.456638,0.495302
122.251999,0.458035,0.495548
122.273003,0.459623,0.495823
122.273003,0.461212,0.496099
122.294998,0.463246,0.496451
122.294998,0.465033,0.496759
122.316002,0.467058,0.497742
122.336998,0.469325,0.498915
122.336998,0.471348,0.499908
122.359001,0.473588,0.500186
122.359001,0.475610,0.501203
122.379997,0.478090,0.501658
122.379997,0.480319,0.502730
122.379997,0.482800,0.503113
122.401001,0.485478,0.504299
122.422997,0.487709,0.505409
122.422997,0.489723,0.506483
122.444000,0.491953,0.507613
122.444000,0.494211,0.507342
122.464996,0.496669,0.508531
122.464996,0.498914,0.508986
122.487000,0.501159,0.509440
122.487000,0.503165,0.510568
122.508003,0.505394,0.511743
122.528999,0.507639,0.512204
122.528999,0.509666,0.512628
122.551003,0.511894,0.513817
122.551003,0.514138,0.514279
122.551003,0.516168,0.514705
122.571999,0.518411,0.515163
122.571999,0.520462,0.514839
122.593002,0.522693,0.515943
122.614998,0.524736,0.515707
122.614998,0.527217,0.516213
122.636002,0.529251,0.516629
122.636002,0.531285,0.517043
122.656998,0.533340,0.516681
122.656998,0.535574,0.517115
122.679001,0.537876,0.516798
122.679001,0.539919,0.516586
122.699997,0.541953,0.516989
122.699997,0.544241,0.517452
122.721001,0.546275,0.517853
122.721001,0.548328,0.517449
122.742996,0.550618,0.517904
122.742996,0.552644,0.518876
122.764000,0.554675,0.519260
122.764000,0.556804,0.518866
122.785004,0.558848,0.518986
122.806999,0.561141,0.519412
122.806999,0.563453,0.519006
122.828003,0.565746,0.519424
122.828003,0.568058,0.519002
122.848999,0.570619,0.519471
122.848999,0.573355,0.519425
122.871002,0.575936,0.519044
122.871002,0.578663,0.519521
122.891998,0.581522,0.518676
122.891998,0.584538,0.518343
122.913002,0.587575,0.516640
122.913002,0.590716,0.515851
122.934998,0.594013,0.515079
122.934998,0.597321,0.513890
122.956001,0.600187,0.513046
122.956001,0.603497,0.511384
122.976997,0.606642,0.511039
122.999001,0.609524,0.509300
122.999001,0.612672,0.508938
123.019997,0.615547,0.507604
123.019997,0.618425,0.505852
123.041000,0.621169,0.504479
123.041000,0.623899,0.504012
123.041000,0.626352,0.502564
123.063004,0.628798,0.501475
123.084000,0.631249,0.499996
123.084000,0.633691,0.498863
123.105003,0.636132,0.497706
123.105003,0.638162,0.496465
123.126999,0.640485,0.495845
123.126999,0.642621,0.494589
123.148003,0.644649,0.493293
123.148003,0.646672,0.492605
123.168999,0.648700,0.491278
123.191002,0.650723,0.490575
123.191002,0.652745,0.489870
123.191002,0.654767,0.489162
123.211998,0.656781,0.488739
123.211998,0.658704,0.488280
123.233002,0.660726,0.487551
123.233002,0.662423,0.488022
123.254997,0.664347,0.488226
123.276001,0.666049,0.488421
123.276001,0.667986,0.487662
123.296997,0.669685,0.487857
123.296997,0.671624,0.487094
123.319000,0.673639,0.486351
123.319000,0.675572,0.485815
123.339996,0.677497,0.486239
123.339996,0.679510,0.485479
123.361000,0.681437,0.485886
123.361000,0.683433,0.485532
123.383003,0.685360,0.485910
123.383003,0.687297,0.485297
123.403999,0.689539,0.485676
123.403999,0.691535,0.485056
123.425003,0.693471,0.484404
123.425003,0.695721,0.483759
123.446999,0.697658,0.483080
123.468002,0.699594,0.482388
123.468002,0.701530,0.481684
123.488998,0.703466,0.481810
123.488998,0.705401,0.481088
123.511002,0.707021,0.481194
123.511002,0.708913,0.480433
123.511002,0.710842,0.480674
123.531998,0.712458,0.479897
123.531998,0.714033,0.480081
123.553001,0.715965,0.479298
123.574997,0.717549,0.479361
123.574997,0.719158,0.479544
123.596001,0.720748,0.478610
123.596001,0.722045,0.478681
123.616997,0.723636,0.477747
123.616997,0.724935,0.476825
123.639000,0.726209,0.475879
123.660004,0.727480,0.475929
123.660004,0.728752,0.475980
123.681000,0.730052,0.475994
123.681000,0.731323,0.476050
123.681000,0.732277,0.476093
123.703003,0.733554,0.475153
123.703003,0.734827,0.475212
123.723999,0.735805,0.475237
123.723999,0.737077,0.475300
123.745003,0.738035,0.476309
123.766998,0.739302,0.477376
123.766998,0.740570,0.478445
123.788002,0.741520,0.479497
123.788002,0.742782,0.481567
123.808998,0.744050,0.483620
123.808998,0.745322,0.484713
123.831001,0.746268,0.486758
123.851997,0.747528,0.488839
123.851997,0.748790,0.490917
123.851997,0.750051,0.493004
123.873001,0.750993,0.495075
123.873001,0.752260,0.496185
123.894997,0.753516,0.498298
123.894997,0.754775,0.500420
123.916000,0.756039,0.501551
123.916000,0.757610,0.503719
123.936996,0.758862,0.505864
123.959000,0.760440,0.507049
123.959000,0.761688,0.509208
123.980003,0.763251,0.512459
123.980003,0.764814,0.514671
124.000999,0.766376,0.516889
124.000999,0.768264,0.519227
124.000999,0.769807,0.521587
124.023003,0.771705,0.522976
124.043999,0.773571,0.524434
124.043999,0.775126,0.526900
124.065002,0.776984,0.528415
124.065002,0.778865,0.529994
124.086998,0.781074,0.531563
124.086998,0.782966,0.533103
124.108002,0.785173,0.534718
124.108002,0.787027,0.536257
124.128998,0.789230,0.537913
124.151001,0.791455,0.540624
124.151001,0.793341,0.542265
124.171997,0.795542,0.543983
124.171997,0.797463,0.544535
124.171997,0.799346,0.546226
124.193001,0.801286,0.545820
124.193001,0.803187,0.546564
124.214996,0.804771,0.548076
124.236000,0.806376,0.548617
124.236000,0.807961,0.549341
124.257004,0.809565,0.549901
124.257004,0.811169,0.550468
124.278999,0.812793,0.550853
124.278999,0.814397,0.551429
124.300003,0.816021,0.551813
124.300003,0.817312,0.552335
124.320999,0.818605,0.553624
124.320999,0.819918,0.553942
124.343002,0.821232,0.554258
124.343002,0.822213,0.554730
124.363998,0.823236,0.554021
124.363998,0.824148,0.555170
124.385002,0.824842,0.555363
124.385002,0.825462,0.555485
124.406998,0.825827,0.556579
124.428001,0.826447,0.556699
124.428001,0.827142,0.556891
124.448997,0.827452,0.556950
124.448997,0.828053,0.558028
124.471001,0.828439,0.558161
124.471001,0.828730,0.559179
124.491997,0.829040,0.559236
124.491997,0.829736,0.559426
124.491997,0.830046,0.559483
124.513000,0.830355,0.559540
124.535004,0.831053,0.559729
124.535004,0.831319,0.560988
124.556000,0.832017,0.561179
124.556000,0.832591,0.562496
124.577003,0.833271,0.563643
124.577003,0.834253,0.564143
124.598999,0.834927,0.564591
124.620003,0.835890,0.566053
124.620003,0.836797,0.567172
124.640999,0.837760,0.568634
124.640999,0.838752,0.569833
124.663002,0.840081,0.570812
124.663002,0.841091,0.571055
124.663002,0.842085,0.572241
124.683998,0.843080,0.573424
124.683998,0.844075,0.574604
124.705002,0.844765,0.575732
124.726997,0.845793,0.576620
124.726997,0.846485,0.577743
124.748001,0.847101,0.579417
124.748001,0.847826,0.580241
124.768997,0.848457,0.580963
124.768997,0.848879,0.581739
124.791000,0.849542,0.582153
124.811996,0.849900,0.582525
124.811996,0.850019,0.583258
124.811996,0.850370,0.584556
124.833000,0.850699,0.585216
124.833000,0.851028,0.585872
124.855003,0.851084,0.586202
124.855003,0.851546,0.586646
124.875999,0.851909,0.586987
124.875999,0.852273,0.587324
124.897003,0.852610,0.587032
124.918999,0.853043,0.587762
124.918999,0.853384,0.586535
124.940002,0.853716,0.587166
124.940002,0.854124,0.587270
124.960999,0.854460,0.586966
124.960999,0.855069,0.586983
124.983002,0.855475,0.588013
124.983002,0.855810,0.587704
125.003998,0.856522,0.588737
125.003998,0.856856,0.589348
125.025002,0.857296,0.589126
125.025002,0.857904,0.590055
125.046997,0.858314,0.591076
125.046997,0.858618,0.591999
125.068001,0.858953,0.591674
125.068001,0.859061,0.592692
125.088997,0.859397,0.593286
125.111000,0.859810,0.594301
125.111000,0.860148,0.594888
125.132004,0.860486,0.595472
125.132004,0.860904,0.597400
125.153000,0.860907,0.598318
125.153000,0.861214,0.599225
125.153000,0.861665,0.599899
125.175003,0.861669,0.600815
125.195999,0.861977,0.601717
125.195999,0.862425,0.601471
125.217003,0.862729,0.601457
125.217003,0.863071,0.602019
125.238998,0.863071,0.602019
125.238998,0.863486,0.602104
125.260002,0.863789,0.602088
125.260002,0.864093,0.602071
125.280998,0.864508,0.602156
125.303001,0.864839,0.600885
125.303001,0.865552,0.600038
125.303001,0.866156,0.600003
125.323997,0.866568,0.599174
125.323997,0.867313,0.597977
125.345001,0.867942,0.596679
125.345001,0.868354,0.595845
125.366997,0.868950,0.594900
125.388000,0.869219,0.595238
125.388000,0.869632,0.594406
125.408997,0.869896,0.593838
125.408997,0.870196,0.593823
125.431000,0.870609,0.592992
125.431000,0.870605,0.592082
125.452003,0.870874,0.592428
125.452003,0.870874,0.592428
125.473000,0.871292,0.592507
125.473000,0.871262,0.592869
125.495003,0.871258,0.591960
125.495003,0.871557,0.591948
125.515999,0.871526,0.592310
125.515999,0.871526,0.592310
125.537003,0.871495,0.592672
125.537003,0.871464,0.593034
125.558998,0.871464,0.593034
125.580002,0.871436,0.594304
125.580002,0.871552,0.593492
125.600998,0.871824,0.594752
125.600998,0.871820,0.593845
125.623001,0.871824,0.594752
125.623001,0.872091,0.595105
125.623001,0.872211,0.595203
125.643997,0.872475,0.594651
125.665001,0.872775,0.594643
125.665001,0.873195,0.594731
125.686996,0.873491,0.593817
125.686996,0.873758,0.594177
125.708000,0.874176,0.593361
125.708000,0.874474,0.593354
125.728996,0.874772,0.593346
125.728996,0.875161,0.593807
125.750999,0.875459,0.593800
125.772003,0.875848,0.594264
125.772003,0.876565,0.593445
125.792999,0.877253,0.593907
125.792999,0.878235,0.593465
125.792999,0.878955,0.593551
125.815002,0.879969,0.592732
125.815002,0.880983,0.591913
125.835999,0.882126,0.592088
125.857002,0.883139,0.591269
125.857002,0.884446,0.590445
125.878998,0.885589,0.589722
125.878998,0.886626,0.586715
125.900002,0.888093,0.585574
125.900002,0.889100,0.583865
125.920998,0.890136,0.581742
125.920998,0.891168,0.578728
125.943001,0.892284,0.576641
125.963997,0.893291,0.573167
125.963997,0.894300,0.569699
125.963997,0.895044,0.567577
125.985001,0.896101,0.564134
125.985001,0.897132,0.561124
126.007004,0.898305,0.558183
126.007004,0.899335,0.555173
126.028000,0.900388,0.550830
126.049004,0.901562,0.547881
126.049004,0.902613,0.543532
126.070999,0.903653,0.540945
126.070999,0.904545,0.537972
126.092003,0.905587,0.534496
126.092003,0.906310,0.532818
126.112999,0.907055,0.529793
126.112999,0.907800,0.526770
126.112999,0.908539,0.524625
126.135002,0.909285,0.521604
126.155998,0.910024,0.519460
126.155998,0.910766,0.517708
126.177002,0.911503,0.515561
126.177002,0.911808,0.513356
126.198997,0.912258,0.511670
126.198997,0.912997,0.509144
126.220001,0.913728,0.507494
126.240997,0.914190,0.505323
126.240997,0.914927,0.503559
126.263000,0.915672,0.500922
126.263000,0.916141,0.498247
126.283997,0.916884,0.495604
126.283997,0.917621,0.493460
126.283997,0.918084,0.491280
126.305000,0.918810,0.490000
126.305000,0.919112,0.487811
126.327003,0.919144,0.484570
126.348000,0.919608,0.481880
126.348000,0.919634,0.479653
126.369003,0.919661,0.476919
126.369003,0.920110,0.475592
126.390999,0.920136,0.473366
126.390999,0.920147,0.471490
126.412003,0.920155,0.469614
126.432999,0.919726,0.467707
126.432999,0.919462,0.466298
126.432999,0.919040,0.465408
126.455002,0.918324,0.464828
126.455002,0.917898,0.463436
126.475998,0.917356,0.461984
126.475998,0.916652,0.460550
126.497002,0.915789,0.459139
126.497002,0.915091,0.458206
126.518997,0.914387,0.456778
126.540001,0.913681,0.455352
126.540001,0.912975,0.453928
126.560997,0.912245,0.452888
126.560997,0.911831,0.450651
126.583000,0.911122,0.449237
126.583000,0.910424,0.448306
126.603996,0.909715,0.446895
126.603996,0.909005,0.445487
126.625000,0.908310,0.443210
126.625000,0.907615,0.440936
126.647003,0.906919,0.438663
126.647003,0.905925,0.437213
126.667999,0.905242,0.435408
126.667999,0.904278,0.433547
126.689003,0.903445,0.433118
126.689003,0.902481,0.431250
126.710999,0.901500,0.428922
126.732002,0.900518,0.426596
126.732002,0.899370,0.425203
126.752998,0.898367,0.423762
126.752998,0.896949,0.422766
126.775002,0.895857,0.421383
126.775002,0.894171,0.419438
126.775002,0.892794,0.417979
126.795998,0.891397,0.417394
126.817001,0.889710,0.416738
126.817001,0.888294,0.415721
126.838997,0.886607,0.415051
126.838997,0.884898,0.415266
126.860001,0.883502,0.414645
126.860001,0.881772,0.414451
126.880997,0.880083,0.413755
126.880997,0.878689,0.413115
126.903000,0.877001,0.412402
126.924004,0.875393,0.412139
126.924004,0.873680,0.411041
126.924004,0.871967,0.409944
126.945000,0.870254,0.408849
126.945000,0.868240,0.407692
126.967003,0.866129,0.405699
126.967003,0.864139,0.404892
126.987999,0.862147,0.404077
127.009003,0.860411,0.403901
127.009003,0.858115,0.403012
127.030998,0.856096,0.401858
127.030998,0.854055,0.401630
127.052002,0.851728,0.400423
127.052002,0.849705,0.399284
127.072998,0.847403,0.398385
127.072998,0.845409,0.397542
127.095001,0.843106,0.396629
127.095001,0.841205,0.395685
127.115997,0.839210,0.394822
127.115997,0.836897,0.392690
127.137001,0.834669,0.390471
127.137001,0.832362,0.389538
127.158997,0.830390,0.387728
127.158997,0.828166,0.386686
127.180000,0.826308,0.384998
127.200996,0.824283,0.383874
127.200996,0.822391,0.381939
127.223000,0.820159,0.380871
127.223000,0.818227,0.378714
127.244003,0.816308,0.377705
127.244003,0.814351,0.376494
127.244003,0.812451,0.374541
127.264999,0.810209,0.373461
127.287003,0.808285,0.372440
127.287003,0.806361,0.371415
127.307999,0.804097,0.369216
127.307999,0.801849,0.368130
127.329002,0.799601,0.367041
127.329002,0.797070,0.366037
127.350998,0.794863,0.365079
127.350998,0.792290,0.363913
127.372002,0.789781,0.363690
127.392998,0.787509,0.363521
127.392998,0.784976,0.362460
127.415001,0.782360,0.363172
127.415001,0.779766,0.362942
127.415001,0.777202,0.362585
127.435997,0.774608,0.362359
127.435997,0.771996,0.361933
127.457001,0.769403,0.361720
127.457001,0.766804,0.360373
127.478996,0.764184,0.359991
127.500000,0.761594,0.359801
127.500000,0.758926,0.359414
127.521004,0.756303,0.359086
127.521004,0.753303,0.358723
127.542999,0.750629,0.358433
127.542999,0.748002,0.358177
127.564003,0.745762,0.357012
127.584999,0.743135,0.356783
127.584999,0.740508,0.355485
127.584999,0.738207,0.355316
127.607002,0.735915,0.354216
127.607002,0.733600,0.353934
127.627998,0.731305,0.352866
127.627998,0.728986,0.352612
127.649002,0.726690,0.351575
127.649002,0.724695,0.351362
127.670998,0.722372,0.350210
127.692001,0.720073,0.350159
127.692001,0.717796,0.349884
127.712997,0.715467,0.348773
127.712997,0.713187,0.348509
127.735001,0.710853,0.347424
127.735001,0.708243,0.347172
127.735001,0.705908,0.347048
127.755997,0.703571,0.346009
127.777000,0.701231,0.344988
127.777000,0.698463,0.344924
127.799004,0.696125,0.344873
127.799004,0.693788,0.344838
127.820000,0.691127,0.344838
127.820000,0.688678,0.344867
127.841003,0.686019,0.344913
127.841003,0.683629,0.345723
127.862999,0.680975,0.345805
127.884003,0.678584,0.346646
127.884003,0.676181,0.346586
127.904999,0.673868,0.347599
127.904999,0.671195,0.347376
127.904999,0.668805,0.348268
127.927002,0.666869,0.349030
127.927002,0.664213,0.349728
127.947998,0.661875,0.350386
127.969002,0.659537,0.351043
127.969002,0.657153,0.351971
127.990997,0.655132,0.352587
127.990997,0.652849,0.353664
128.011993,0.650771,0.356664
128.011993,0.649094,0.358864
128.033005,0.647302,0.360048
128.033005,0.645953,0.360118
128.054993,0.644646,0.360036
128.054993,0.643342,0.359789
128.076004,0.641968,0.361070
128.076004,0.640450,0.360446
128.097000,0.639043,0.359964
128.097000,0.637603,0.360826
128.119003,0.636277,0.361816
128.119003,0.634996,0.362469
128.139999,0.633556,0.363337
128.160995,0.632253,0.365217
128.160995,0.630469,0.366498
128.182999,0.629151,0.367496
128.182999,0.627390,0.369685
128.203995,0.626154,0.372096
128.203995,0.624453,0.372671
128.225006,0.623015,0.373558
128.225006,0.621686,0.373674
128.246994,0.620249,0.374566
128.246994,0.618848,0.375075
128.268005,0.617543,0.376075
128.268005,0.616591,0.377503
128.289001,0.615155,0.378393
128.289001,0.614168,0.380210
128.311005,0.612698,0.381506
128.311005,0.611400,0.382505
128.332001,0.609653,0.382588
128.352997,0.608079,0.383390
128.352997,0.606332,0.383484
128.375000,0.604606,0.384450
128.375000,0.602819,0.386283
128.395996,0.600683,0.388093
128.395996,0.598578,0.389458
128.395996,0.596492,0.391669
128.417007,0.594101,0.393064
128.438995,0.591558,0.394355
128.438995,0.589024,0.394311
128.460007,0.586472,0.393399
128.460007,0.584350,0.393834
128.481003,0.581508,0.394283
128.481003,0.579059,0.394525
128.503006,0.576200,0.394130
128.503006,0.573639,0.394504
128.524002,0.571079,0.394870
128.544998,0.568347,0.395142
128.544998,0.565761,0.396023
128.544998,0.563027,0.396287
128.567001,0.560445,0.397171
128.567001,0.557958,0.396565
128.587997,0.555174,0.396579
128.587997,0.552888,0.396852
128.608994,0.550131,0.396310
128.630997,0.547800,0.396364
128.630997,0.545066,0.396608
128.651993,0.542542,0.396597
128.651993,0.539783,0.397433
128.673004,0.537026,0.398273
128.673004,0.534296,0.399588
128.695007,0.531975,0.399696
128.695007,0.529427,0.400365
128.716003,0.526402,0.400316
128.716003,0.523856,0.401042
128.737000,0.521311,0.401793
128.737000,0.518794,0.403296
128.759003,0.516082,0.404096
128.759003,0.513588,0.404959
128.779999,0.511077,0.406491
128.779999,0.508587,0.407362
128.800995,0.506067,0.408079
128.800995,0.503605,0.409661
128.822998,0.501326,0.409769
128.843994,0.499072,0.410576
128.843994,0.496576,0.412157
128.865005,0.494093,0.412920
128.865005,0.491849,0.415118
128.865005,0.489599,0.415926
128.886993,0.487335,0.417456
128.886993,0.484835,0.418952
128.908005,0.482598,0.421154
128.929001,0.480340,0.422702
128.929001,0.478296,0.424187
128.951004,0.476032,0.426496
128.951004,0.474011,0.428636
128.972000,0.471775,0.431598
128.972000,0.469551,0.433799
128.992996,0.467524,0.436699
129.014999,0.465505,0.438832
129.014999,0.463479,0.441738
129.035995,0.461699,0.445447
129.035995,0.459855,0.447701
129.035995,0.458070,0.450033
129.057007,0.456468,0.450929
129.057007,0.455136,0.453235
129.078995,0.453728,0.454095
129.100006,0.452383,0.455822
129.100006,0.451232,0.456706
129.121002,0.449894,0.457646
129.121002,0.448485,0.457730
129.143005,0.447334,0.458631
129.143005,0.446000,0.459586
129.164001,0.444835,0.459926
129.164001,0.443423,0.460030
129.184998,0.442258,0.460389
129.184998,0.441092,0.459937
129.207001,0.439763,0.460102
129.207001,0.438613,0.460216
129.227997,0.437197,0.459508
129.227997,0.436062,0.459341
129.248993,0.434911,0.458619
129.248993,0.433759,0.457894
129.270996,0.432877,0.457166
129.292007,0.431899,0.456385
129.292007,0.431017,0.455652
129.313004,0.430307,0.454865
129.313004,0.429598,0.454077
129.335007,0.428887,0.454128
129.335007,0.428464,0.453866
129.356003,0.428025,0.453917
129.356003,0.427331,0.454491
129.356003,0.426908,0.455064
129.376999,0.426214,0.455633
129.399002,0.425520,0.455350
129.399002,0.425097,0.455915
129.419998,0.424401,0.456474
129.419998,0.423524,0.456562
129.440994,0.422827,0.457968
129.440994,0.422131,0.458519
129.462997,0.421420,0.458558
129.462997,0.420724,0.458249
129.483994,0.419850,0.458331
129.505005,0.418864,0.457505
129.505005,0.417730,0.458083
129.526993,0.416601,0.456931
129.526993,0.415631,0.455721
129.526993,0.414485,0.454921
129.548004,0.413359,0.453740
129.548004,0.412386,0.453369
129.569000,0.411257,0.453037
129.591003,0.410129,0.452696
129.591003,0.409016,0.452823
129.612000,0.408050,0.453767
129.612000,0.406636,0.454256
129.632996,0.405517,0.455224
129.632996,0.404392,0.457060
129.654999,0.403272,0.458006
129.654999,0.402016,0.458884
129.675995,0.400895,0.459806
129.675995,0.399489,0.460695
129.697006,0.398375,0.460703
129.697006,0.396959,0.461119
129.718994,0.395571,0.461515
129.718994,0.394163,0.462344
129.740005,0.392765,0.462262
129.740005,0.391366,0.462162
129.761002,0.389816,0.461985
129.783005,0.388417,0.461847
129.783005,0.387010,0.461275
129.804001,0.385322,0.461069
129.804001,0.383491,0.461775
129.824997,0.381783,0.462037
129.824997,0.380095,0.461775
129.847000,0.378386,0.462015
129.847000,0.376676,0.462247
129.867996,0.374550,0.462453
129.867996,0.372846,0.461372
129.889008,0.371143,0.460288
129.889008,0.369138,0.460452
129.910995,0.367136,0.459319
129.910995,0.365427,0.459512
129.932007,0.363322,0.458749
129.932007,0.361316,0.458880
129.953003,0.359323,0.458065
129.975006,0.357021,0.456862
129.975006,0.355043,0.455087
129.996002,0.353040,0.453921
129.996002,0.351015,0.452132
130.016998,0.348985,0.451618
130.016998,0.347273,0.450218
130.016998,0.345364,0.449040
130.039001,0.343664,0.447947
130.059998,0.341750,0.446767
130.059998,0.340051,0.445675
130.080994,0.338442,0.444541
130.080994,0.336730,0.443183
130.102997,0.335119,0.442054
130.102997,0.333815,0.440969
130.123993,0.332200,0.438627
130.123993,0.330895,0.437546
130.145004,0.329326,0.434750
130.167007,0.327743,0.432901
130.167007,0.326472,0.431090
130.167007,0.324886,0.428030
130.188004,0.323284,0.425929
130.188004,0.321698,0.422869
130.209000,0.320094,0.420769
130.209000,0.318803,0.418721
130.231003,0.317283,0.415591
130.251999,0.315991,0.413545
130.251999,0.314383,0.411450
130.272995,0.313048,0.410172
130.272995,0.311453,0.410887
130.294998,0.309794,0.411689
130.294998,0.308152,0.411534
130.315994,0.306521,0.412525
130.315994,0.304890,0.413512
130.337006,0.303577,0.414542
130.337006,0.302265,0.415567
130.358994,0.300929,0.416430
130.358994,0.299674,0.415282
130.380005,0.298696,0.415378
130.380005,0.297743,0.415243
130.401001,0.296788,0.415110
130.401001,0.296104,0.415100
130.423004,0.295454,0.415984
130.444000,0.294757,0.416946
130.444000,0.294121,0.416861
130.464996,0.293470,0.417750
130.464996,0.292858,0.417801
130.487000,0.292164,0.418766
130.487000,0.291538,0.419787
130.487000,0.290863,0.420549
130.507996,0.290158,0.422494
130.507996,0.289154,0.424205
130.529007,0.288157,0.426239
130.550995,0.286880,0.428163
130.550995,0.285578,0.429171
130.572006,0.284265,0.431154
130.572006,0.282668,0.433032
130.593002,0.280998,0.434774
130.593002,0.279351,0.436624
130.615005,0.277724,0.439406
130.636002,0.276060,0.443242
130.636002,0.274435,0.446046
130.656998,0.272797,0.447917
130.656998,0.270905,0.445750
130.656998,0.269020,0.442596
130.679001,0.267096,0.441480
130.679001,0.265180,0.441302
130.699997,0.262962,0.441141
130.699997,0.260715,0.441927
130.720993,0.258777,0.442804
130.742996,0.256851,0.443630
130.742996,0.255226,0.444469
130.764008,0.253291,0.444305
130.764008,0.251692,0.444186
130.785004,0.250093,0.444071
130.785004,0.248803,0.442990
130.807007,0.247523,0.442906
130.828003,0.246582,0.442834
130.828003,0.245630,0.441778
130.828003,0.245028,0.441707
130.848999,0.244415,0.440655
130.848999,0.244130,0.438634
130.871002,0.243512,0.437515
130.871002,0.243529,0.435536
130.891998,0.243238,0.434502
130.891998,0.243238,0.434502
130.912994,0.243259,0.434483
130.934998,0.243259,0.434483
130.934998,0.243601,0.434492
130.955994,0.243299,0.432487
130.955994,0.243330,0.431481
130.977005,0.243339,0.430493
130.977005,0.243349,0.429507
130.977005,0.243381,0.428502
130.998993,0.243391,0.427516
131.020004,0.243721,0.426560
131.020004,0.243725,0.425500
131.041000,0.243759,0.424498
131.041000,0.243483,0.422480
131.063004,0.243530,0.420495
131.063004,0.243267,0.417497
131.084000,0.243305,0.413487
131.084000,0.243366,0.410530
131.104996,0.243066,0.408539
131.126999,0.243088,0.406584
131.126999,0.242782,0.404504
131.147995,0.242147,0.403462
131.147995,0.242190,0.402466
131.147995,0.241899,0.402411
131.169006,0.241609,0.402355
131.169006,0.241306,0.403272
131.190994,0.240984,0.403236
131.212006,0.240673,0.402225
131.212006,0.240685,0.401251
131.233002,0.240697,0.400277
131.233002,0.241031,0.399339
131.255005,0.241366,0.398402
131.255005,0.242024,0.397501
131.276001,0.242313,0.397557
131.276001,0.242914,0.398618
131.296997,0.243237,0.398653
131.296997,0.243883,0.398723
131.319000,0.244529,0.398794
131.319000,0.244840,0.399804
131.339996,0.245151,0.400814
131.339996,0.245797,0.400887
131.360992,0.245817,0.401853
131.360992,0.246152,0.400916
131.382996,0.246475,0.400954
131.404007,0.246443,0.400961
131.404007,0.246765,0.400998
131.425003,0.246765,0.400998
131.425003,0.246443,0.400961
131.447006,0.246443,0.400961
131.447006,0.246075,0.401907
131.468002,0.246043,0.401915
131.468002,0.245709,0.402856
131.468002,0.245374,0.403798
131.488998,0.245374,0.403798
131.511002,0.245052,0.403763
131.511002,0.244729,0.403729
131.531998,0.244375,0.403709
131.531998,0.244052,0.403676
131.552994,0.243708,0.402683
131.552994,0.243030,0.402638
131.574997,0.242707,0.402608
131.595993,0.242362,0.401623
131.595993,0.242030,0.402570
131.617004,0.241675,0.402564
131.617004,0.241311,0.403537
131.639008,0.241311,0.403537
131.639008,0.240634,0.403510
131.639008,0.240280,0.403513
131.660004,0.239578,0.402549
131.681000,0.239223,0.402558
131.681000,0.238513,0.402585
131.703003,0.237476,0.403581
131.703003,0.236799,0.403590
131.723999,0.235800,0.403592
131.723999,0.234475,0.404566
131.744995,0.233508,0.404536
131.744995,0.232187,0.404551
131.766998,0.230878,0.405401
131.787994,0.229911,0.405380
131.787994,0.228590,0.406394
131.787994,0.227594,0.406447
131.809006,0.226598,0.406507
131.809006,0.225602,0.407551
131.830994,0.224553,0.407613
131.830994,0.224201,0.407693
131.852005,0.223558,0.407699
131.873001,0.222885,0.407789
131.873001,0.222564,0.407794
131.895004,0.222211,0.406910
131.895004,0.221859,0.407002
131.916000,0.221857,0.406028
131.916000,0.221854,0.405055
131.936996,0.221823,0.403988
131.936996,0.222174,0.402921
131.959000,0.222815,0.401935
131.959000,0.223452,0.401128
131.979996,0.223772,0.400149
131.979996,0.224124,0.399091
132.001007,0.224129,0.397942
132.001007,0.224161,0.396893
132.022995,0.224127,0.396971
132.022995,0.224123,0.395032
132.044006,0.224121,0.394063
132.065002,0.224084,0.393173
132.065002,0.223759,0.392213
132.087006,0.223756,0.391246
132.087006,0.223437,0.389134
132.108002,0.223432,0.387203
132.108002,0.223427,0.385275
132.108002,0.223059,0.383440
132.128998,0.223025,0.381402
132.128998,0.223022,0.380441
132.151001,0.222730,0.378450
132.171997,0.222734,0.375373
132.171997,0.222766,0.372421
132.192993,0.222800,0.369477
132.192993,0.223087,0.365531
132.214996,0.223728,0.361716
132.214996,0.224067,0.358652
132.235992,0.224104,0.354796
132.257004,0.224117,0.350810
132.257004,0.223854,0.346762
132.279007,0.223569,0.342948
132.279007,0.223587,0.338989
132.279007,0.223966,0.335192
132.300003,0.223936,0.333179
132.300003,0.223600,0.331335
132.320999,0.223294,0.329256
132.320999,0.223078,0.328186
132.343002,0.222804,0.327193
132.363998,0.222440,0.325192
132.363998,0.222499,0.324196
132.384995,0.223162,0.321440
132.384995,0.223467,0.319437
132.406998,0.224197,0.316621
132.406998,0.224568,0.312735
132.427994,0.224970,0.309947
132.427994,0.225417,0.306922
132.449005,0.225894,0.304992
132.449005,0.226282,0.302052
132.470993,0.227106,0.300148
132.470993,0.227843,0.297234
132.492004,0.229026,0.293591
132.492004,0.230194,0.290671
132.513000,0.231030,0.287757
132.513000,0.231892,0.285061
132.535004,0.232392,0.283039
132.556000,0.232832,0.281269
132.556000,0.233270,0.278429
132.576996,0.233370,0.276651
132.576996,0.233804,0.274695
132.598999,0.233993,0.272893
132.598999,0.234518,0.270918
132.598999,0.234627,0.268091
132.619995,0.234314,0.265490
132.641006,0.234414,0.263535
132.641006,0.234177,0.260702
132.662994,0.233942,0.258943
132.662994,0.233694,0.256969
132.684006,0.233447,0.254998
132.684006,0.233214,0.252191
132.705002,0.232994,0.248559
132.705002,0.232762,0.245774
132.727005,0.232531,0.242999
132.748001,0.232301,0.240233
132.748001,0.231714,0.238497
132.768997,0.231354,0.237415
132.768997,0.231109,0.235483
132.768997,0.230507,0.234571
132.791000,0.229902,0.232614
132.791000,0.229767,0.231699
132.811996,0.229148,0.230552
132.832993,0.228546,0.229644
132.832993,0.227925,0.228498
132.854996,0.227322,0.227592
132.854996,0.226590,0.226490
132.876007,0.225601,0.225317
132.876007,0.224997,0.224415
132.897003,0.223894,0.223294
132.897003,0.223264,0.222152
132.919006,0.222293,0.221230
132.919006,0.221284,0.220854
132.940002,0.220678,0.219958
132.940002,0.219666,0.219581
132.960999,0.219059,0.218686
132.960999,0.218056,0.217523
132.983002,0.217061,0.215580
132.983002,0.216303,0.214510
133.003998,0.215669,0.212598
133.024994,0.215068,0.210941
133.024994,0.214423,0.209811
133.046997,0.214035,0.208003
133.046997,0.213775,0.205363
133.067993,0.213017,0.202794
133.067993,0.213093,0.199940
133.089005,0.212839,0.196590
133.089005,0.212446,0.194080
133.089005,0.212152,0.190512
133.110992,0.212140,0.187313
133.132004,0.211737,0.184852
133.132004,0.211677,0.182153
133.153000,0.211659,0.179012
133.153000,0.211245,0.176597
133.175003,0.210831,0.173491
133.175003,0.210367,0.170845
133.195999,0.209939,0.168480
133.195999,0.209464,0.165863
133.216995,0.209026,0.163529
133.238998,0.208583,0.161211
133.238998,0.208137,0.159585
133.259995,0.207685,0.157294
133.259995,0.207345,0.154007
133.259995,0.206884,0.151753
133.281006,0.206421,0.150171
133.281006,0.206365,0.148591
133.302994,0.206136,0.147094
133.324005,0.205958,0.146523
133.324005,0.205728,0.145683
133.345001,0.205134,0.145127
133.345001,0.205066,0.143569
133.367004,0.204873,0.142370
133.367004,0.204811,0.141460
133.388000,0.204623,0.140905
133.408997,0.204969,0.139351
133.408997,0.204959,0.138720
133.408997,0.204713,0.137899
133.431000,0.205124,0.137255
133.431000,0.205535,0.136613
133.451996,0.205700,0.135156
133.451996,0.206113,0.134518
133.473007,0.206527,0.133883
133.473007,0.207378,0.133855
133.494995,0.207794,0.133223
133.516006,0.208639,0.132582
133.516006,0.209010,0.131682
133.537003,0.209860,0.131047
133.537003,0.210282,0.130425
133.559006,0.211136,0.129796
133.559006,0.211562,0.129179
133.580002,0.212424,0.129166
133.580002,0.212662,0.129221
133.600998,0.213524,0.129210
133.600998,0.214234,0.129532
133.623001,0.215335,0.129578
133.623001,0.216044,0.130513
133.643997,0.216713,0.130563
133.643997,0.218039,0.130835
133.664993,0.218707,0.131502
133.664993,0.219596,0.132397
133.686996,0.220264,0.132449
133.707993,0.221387,0.133400
133.707993,0.222266,0.134307
133.729004,0.222933,0.134361
133.729004,0.223599,0.134415
133.729004,0.224898,0.135339
133.751007,0.225750,0.135361
133.751007,0.226438,0.135690
133.772003,0.227280,0.136344
133.792999,0.228130,0.136372
133.792999,0.228987,0.137307
133.815002,0.229652,0.137366
133.815002,0.230491,0.138942
133.835999,0.231578,0.139931
133.835999,0.232241,0.140904
133.856995,0.233309,0.141628
133.856995,0.234144,0.142588
133.878998,0.234975,0.143553
133.899994,0.236036,0.144289
133.899994,0.236877,0.144615
133.899994,0.237934,0.145358
133.921005,0.239009,0.145453
133.921005,0.240503,0.145853
133.942993,0.241598,0.145302
133.942993,0.243113,0.144516
133.964005,0.244630,0.144006
133.985001,0.246175,0.142857
133.985001,0.247707,0.142089
134.007004,0.249235,0.141596
134.007004,0.251007,0.141133
134.028000,0.252405,0.139719
134.028000,0.253763,0.139213
134.048996,0.255724,0.138784
134.048996,0.257085,0.138281
134.070999,0.258414,0.138410
134.070999,0.260225,0.137687
134.091995,0.261832,0.137194
134.091995,0.263163,0.137318
134.113007,0.264953,0.136865
134.113007,0.266103,0.136937
134.134995,0.267856,0.137110
134.134995,0.269262,0.136331
134.156006,0.271016,0.136505
134.177002,0.272166,0.136559
134.177002,0.273778,0.136040
134.199005,0.275153,0.135880
134.199005,0.276767,0.135355
134.220001,0.278006,0.134498
134.220001,0.279762,0.134661
134.220001,0.281517,0.134824
134.240997,0.282676,0.135197
134.263000,0.284429,0.135358
134.263000,0.285999,0.135432
134.283997,0.287808,0.135325
134.283997,0.289604,0.134866
134.304993,0.291237,0.134666
134.304993,0.292872,0.134462
134.326996,0.295040,0.134692
134.326996,0.297149,0.133941
134.348007,0.298969,0.133838
134.369003,0.301085,0.133088
134.369003,0.302729,0.132870
134.391006,0.304851,0.132119
134.391006,0.306823,0.131151
134.391006,0.308896,0.131009
134.412003,0.310970,0.130865
134.412003,0.313404,0.131408
134.432999,0.315318,0.132121
134.432999,0.317680,0.133266
134.455002,0.319684,0.133715
134.475998,0.322100,0.134253
134.475998,0.324099,0.134697
134.496994,0.326161,0.134532
134.496994,0.328098,0.134178
134.518997,0.330336,0.134181
134.518997,0.332517,0.133763
134.539993,0.334580,0.133597
134.561005,0.336766,0.133177
134.561005,0.339366,0.132863
134.561005,0.341635,0.131854
134.582993,0.344165,0.132135
134.582993,0.346772,0.131830
134.604004,0.349128,0.131909
134.604004,0.351483,0.131980
134.625000,0.354091,0.131673
134.625000,0.356617,0.131948
134.647003,0.358654,0.132682
134.667999,0.361343,0.133181
134.667999,0.363628,0.133564
134.688995,0.365744,0.133717
134.688995,0.367860,0.133866
134.710999,0.369974,0.134012
134.710999,0.372342,0.133828
134.710999,0.374626,0.133733
134.731995,0.376510,0.133994
134.753006,0.378784,0.134393
134.753006,0.381053,0.134797
134.774994,0.383222,0.135773
134.774994,0.385323,0.135911
134.796005,0.387384,0.135946
134.796005,0.389581,0.135518
134.817001,0.391646,0.135555
134.839005,0.393743,0.135687
134.839005,0.395655,0.135437
134.860001,0.397903,0.135854
134.860001,0.399818,0.135598
134.880997,0.401803,0.136269
134.880997,0.403668,0.136533
134.880997,0.405424,0.137347
134.903000,0.407341,0.137075
134.903000,0.409461,0.138041
134.923996,0.411273,0.138309
134.945007,0.413340,0.138344
134.945007,0.415260,0.138056
134.966995,0.417654,0.137385
134.966995,0.419217,0.136928
134.988007,0.421143,0.136629
134.988007,0.422991,0.136880
135.009003,0.424918,0.136576
135.031006,0.426635,0.136442
135.031006,0.428565,0.136132
135.031006,0.430255,0.135125
135.052002,0.432188,0.134809
135.052002,0.433769,0.134319
135.072998,0.435469,0.133310
135.072998,0.437055,0.132813
135.095001,0.438789,0.132667
135.095001,0.440147,0.131483
135.115997,0.441637,0.131545
135.136993,0.443231,0.131035
135.136993,0.444746,0.130210
135.158997,0.446089,0.129904
135.158997,0.447486,0.129574
135.179993,0.448865,0.128385
135.179993,0.450469,0.127862
135.201004,0.451855,0.126674
135.201004,0.453463,0.126146
135.223007,0.455490,0.125780
135.223007,0.457317,0.125903
135.244003,0.458799,0.125839
135.244003,0.460896,0.125744
135.264999,0.462657,0.125575
135.264999,0.464286,0.125873
135.287003,0.466250,0.126353
135.287003,0.467876,0.126647
135.307999,0.469500,0.126936
135.328995,0.471879,0.127608
135.328995,0.473500,0.127895
135.350998,0.475120,0.128178
135.350998,0.477337,0.128597
135.371994,0.479378,0.129094
135.371994,0.480943,0.129140
135.371994,0.482828,0.129384
135.393005,0.484394,0.129437
135.393005,0.485978,0.129879
135.414993,0.487541,0.129938
135.436005,0.489105,0.130000
135.436005,0.490979,0.130266
135.457001,0.492542,0.130335
135.457001,0.494106,0.130407
135.479004,0.495525,0.130917
135.479004,0.496781,0.131171
135.500000,0.498342,0.131248
135.520996,0.499903,0.131327
135.520996,0.501495,0.131601
135.520996,0.502597,0.132285
135.542999,0.504154,0.132366
135.542999,0.505684,0.133328
135.563995,0.506779,0.134011
135.563995,0.508303,0.134981
135.585007,0.509393,0.135663
135.606995,0.510940,0.135750
135.606995,0.512283,0.136477
135.628006,0.513682,0.136989
135.628006,0.514736,0.137507
135.649002,0.515923,0.138663
135.649002,0.516973,0.139186
135.671005,0.517701,0.139875
135.671005,0.518853,0.140888
135.692001,0.519433,0.142001
135.692001,0.520259,0.143186
135.712997,0.520706,0.143664
135.712997,0.521296,0.143725
135.735001,0.521257,0.144638
135.735001,0.521040,0.145293
135.755997,0.520555,0.145728
135.755997,0.519754,0.146324
135.776993,0.518954,0.146922
135.798996,0.517645,0.147237
135.798996,0.516955,0.146690
135.820007,0.515785,0.147669
135.820007,0.514931,0.148494
135.841003,0.513666,0.149009
135.841003,0.512317,0.150692
135.841003,0.511175,0.151727
135.863007,0.509337,0.153206
135.863007,0.507916,0.154457
135.884003,0.506511,0.156300
135.904999,0.504997,0.158062
135.904999,0.503611,0.160340
135.927002,0.502243,0.163619
135.927002,0.500895,0.165957
135.947998,0.499953,0.168622
135.947998,0.498635,0.171011
135.968994,0.497608,0.173232
135.990997,0.496524,0.175654
135.990997,0.495519,0.177916
136.011993,0.494644,0.181068
136.011993,0.493858,0.183346
136.011993,0.493533,0.186143
136.033005,0.492950,0.189157
136.033005,0.492721,0.191451
136.054993,0.492493,0.193757
136.076004,0.492362,0.196272
136.076004,0.492138,0.198602
136.097000,0.492351,0.200387
136.097000,0.492564,0.202178
136.119003,0.492778,0.203975
136.119003,0.493068,0.205218
136.139999,0.493809,0.206988
136.139999,0.494021,0.208799
136.160995,0.494833,0.210018
136.160995,0.495568,0.211804
136.182999,0.496107,0.212874
136.182999,0.496912,0.214107
136.203995,0.497883,0.214611
136.203995,0.498872,0.216573
136.225006,0.499927,0.217634
136.225006,0.500893,0.218146
136.246994,0.501934,0.218101
136.246994,0.502976,0.218060
136.268005,0.504017,0.218024
136.289001,0.505136,0.217441
136.289001,0.505999,0.216701
136.311005,0.507121,0.216135
136.311005,0.507909,0.215952
136.332001,0.509035,0.215401
136.332001,0.510080,0.215398
136.332001,0.510684,0.214861
136.352997,0.511729,0.214867
136.375000,0.512686,0.214743
136.375000,0.513816,0.214231
136.395996,0.514691,0.214654
136.395996,0.515549,0.214324
136.417007,0.516424,0.214758
136.417007,0.517280,0.214439
136.438995,0.518242,0.214365
136.438995,0.519451,0.214489
136.460007,0.520047,0.215109
136.481003,0.521253,0.215253
136.481003,0.522159,0.216671
136.503006,0.523339,0.217950
136.503006,0.524234,0.219392
136.503006,0.525470,0.221308
136.524002,0.526633,0.222636
136.524002,0.527509,0.224118
136.544998,0.528441,0.226230
136.567001,0.529556,0.228735
136.567001,0.530413,0.230256
136.587997,0.531231,0.232926
136.587997,0.532323,0.235490
136.608994,0.533072,0.237555
136.608994,0.533956,0.239767
136.630997,0.535025,0.242387
136.630997,0.535893,0.244634
136.651993,0.536946,0.247296
136.651993,0.537581,0.249930
136.673004,0.538622,0.252627
136.673004,0.539503,0.256155
136.695007,0.540446,0.259401
136.695007,0.541185,0.262253
136.716003,0.542325,0.265736
136.716003,0.543329,0.268530
136.737000,0.543968,0.271941
136.759003,0.544569,0.274666
136.759003,0.545447,0.277316
136.779999,0.545917,0.279351
136.779999,0.546586,0.281586
136.800995,0.547052,0.283636
136.800995,0.547744,0.286599
136.822998,0.548204,0.288665
136.822998,0.548787,0.291442
136.843994,0.549217,0.292798
136.843994,0.549997,0.293575
136.865005,0.550621,0.295124
136.865005,0.551399,0.295911
136.886993,0.551897,0.296767
136.886993,0.552674,0.297565
136.908005,0.553241,0.297920
136.908005,0.554258,0.297677
136.929001,0.554612,0.297117
136.951004,0.555417,0.295957
136.951004,0.555994,0.293624
136.972000,0.556743,0.290557
136.972000,0.557476,0.286773
136.992996,0.558297,0.282524
136.992996,0.559048,0.278783
136.992996,0.559699,0.274810
137.014999,0.560086,0.271635
137.014999,0.559994,0.268323
137.035995,0.559815,0.265490
137.057007,0.559748,0.262914
137.057007,0.559299,0.260876
137.078995,0.558655,0.258629
137.078995,0.558201,0.256605
137.100006,0.557257,0.254444
137.100006,0.556340,0.252991
137.121002,0.555388,0.250848
137.143005,0.554327,0.248032
137.143005,0.553400,0.246598
137.143005,0.552083,0.245720
137.164001,0.550656,0.244164
137.164001,0.549663,0.243898
137.184998,0.548339,0.243050
137.184998,0.547014,0.242214
137.207001,0.546017,0.241966
137.227997,0.544729,0.241816
137.227997,0.543273,0.242123
137.248993,0.541648,0.243236
137.248993,0.540315,0.244263
137.270996,0.538485,0.245191
137.270996,0.536919,0.247002
137.292007,0.535098,0.247960
137.292007,0.533866,0.248518
137.313004,0.532095,0.250154
137.313004,0.530369,0.250625
137.335007,0.528605,0.252281
137.335007,0.527070,0.254148
137.356003,0.525271,0.255178
137.356003,0.523377,0.256132
137.376999,0.521631,0.257832
137.376999,0.519623,0.259655
137.399002,0.517965,0.260819
137.419998,0.516002,0.262360
137.419998,0.514350,0.263531
137.440994,0.512654,0.264068
137.440994,0.510725,0.264427
137.462997,0.508797,0.264794
137.462997,0.507230,0.265391
137.462997,0.505582,0.264435
137.483994,0.503895,0.264994
137.483994,0.502536,0.264843
137.505005,0.500883,0.263896
137.526993,0.499471,0.263134
137.526993,0.498059,0.262375
137.548004,0.496472,0.260841
137.548004,0.495304,0.259959
137.569000,0.493711,0.258427
137.569000,0.492237,0.257090
137.591003,0.491211,0.255005
137.612000,0.489798,0.252763
137.612000,0.488652,0.249525
137.632996,0.487639,0.246274
137.632996,0.486408,0.242179
137.632996,0.485326,0.238398
137.654999,0.484140,0.234906
137.654999,0.482700,0.231579
137.675995,0.481435,0.229052
137.675995,0.480235,0.227082
137.697006,0.479019,0.226252
137.718994,0.477646,0.225491
137.718994,0.475836,0.224125
137.740005,0.474290,0.224079
137.740005,0.473139,0.223795
137.761002,0.471594,0.223762
137.761002,0.470362,0.224086
137.783005,0.468818,0.224068
137.804001,0.467352,0.224569
137.804001,0.466043,0.225522
137.804001,0.464582,0.226033
137.824997,0.463276,0.227000
137.824997,0.462103,0.227686
137.847000,0.460800,0.228666
137.847000,0.459784,0.229818
137.867996,0.458334,0.230350
137.867996,0.457323,0.231511
137.889008,0.456386,0.232036
137.910995,0.455084,0.231910
137.910995,0.454079,0.233083
137.932007,0.453363,0.233436
137.932007,0.452140,0.233810
137.953003,0.451129,0.233855
137.953003,0.450198,0.234387
137.953003,0.449402,0.234259
137.975006,0.448473,0.234793
137.996002,0.447744,0.234010
137.996002,0.447240,0.234039
138.016998,0.446523,0.234393
138.016998,0.446086,0.233762
138.039001,0.445860,0.232951
138.039001,0.445355,0.232981
138.059998,0.445128,0.232170
138.059998,0.445196,0.231511
138.080994,0.445196,0.231511
138.102997,0.445393,0.230201
138.102997,0.445393,0.230201
138.123993,0.445757,0.229697
138.123993,0.446037,0.228861
138.123993,0.446237,0.227555
138.145004,0.446733,0.226407
138.145004,0.447099,0.225914
138.167007,0.447302,0.224614
138.188004,0.447812,0.224589
138.188004,0.448395,0.223920
138.209000,0.448395,0.223920
138.209000,0.448895,0.222783
138.231003,0.449407,0.222761
138.231003,0.449835,0.222267
138.251999,0.450422,0.221608
138.251999,0.450632,0.221296
138.272995,0.451061,0.220802
138.272995,0.451196,0.220147
138.294998,0.451710,0.220126
138.294998,0.451920,0.219813
138.315994,0.452140,0.219631
138.315994,0.452349,0.219318
138.337006,0.452570,0.219136
138.337006,0.452864,0.219298
138.358994,0.452779,0.218823
138.380005,0.453219,0.219433
138.380005,0.453512,0.219595
138.401001,0.453951,0.220207
138.401001,0.454168,0.221000
138.423004,0.454599,0.220501
138.423004,0.455113,0.220482
138.444000,0.455469,0.220611
138.444000,0.455760,0.220773
138.464996,0.456116,0.220901
138.464996,0.457061,0.220379
138.487000,0.457707,0.220664
138.487000,0.458139,0.220159
138.507996,0.458868,0.220929
138.507996,0.459731,0.219915
138.529007,0.460163,0.219408
138.529007,0.460884,0.219064
138.550995,0.461469,0.218994
138.572006,0.462189,0.218648
138.572006,0.463055,0.217629
138.593002,0.463929,0.217715
138.593002,0.464881,0.217187
138.615005,0.465517,0.216344
138.615005,0.466470,0.215816
138.615005,0.467425,0.215288
138.636002,0.468531,0.214081
138.656998,0.469853,0.213124
138.656998,0.471282,0.210048
138.679001,0.473093,0.207662
138.679001,0.475025,0.204468
138.699997,0.477108,0.200871
138.699997,0.479407,0.196992
138.720993,0.481722,0.194212
138.720993,0.483418,0.191999
138.742996,0.485123,0.189797
138.764008,0.487208,0.188301
138.764008,0.488655,0.187337
138.764008,0.490371,0.186201
138.785004,0.491722,0.185769
138.785004,0.493165,0.185845
138.807007,0.494075,0.184864
138.807007,0.494973,0.184916
138.828003,0.495963,0.185482
138.828003,0.497134,0.185729
138.848999,0.498031,0.185778
138.871002,0.498929,0.185825
138.871002,0.500097,0.186067
138.891998,0.501359,0.186468
138.891998,0.502169,0.185985
138.912994,0.503612,0.186056
138.912994,0.504510,0.186096
138.934998,0.506058,0.185662
138.934998,0.506956,0.185701
138.955994,0.508399,0.185773
138.955994,0.509736,0.186343
138.977005,0.510633,0.186376
138.977005,0.511969,0.186941
138.998993,0.512866,0.186969
138.998993,0.513999,0.188237
139.020004,0.514979,0.188812
139.041000,0.516161,0.188676
139.041000,0.517205,0.189391
139.063004,0.517995,0.189899
139.063004,0.518784,0.190404
139.084000,0.519908,0.191667
139.084000,0.520632,0.192039
139.084000,0.521294,0.193826
139.104996,0.521339,0.195006
139.104996,0.521899,0.197292
139.126999,0.521947,0.198477
139.147995,0.521977,0.200734
139.147995,0.522108,0.202503
139.169006,0.522144,0.204778
139.169006,0.522184,0.207062
139.190994,0.521945,0.209516
139.190994,0.521545,0.212379
139.212006,0.521393,0.215447
139.233002,0.520566,0.218432
139.233002,0.520186,0.221351
139.255005,0.519810,0.224288
139.255005,0.519094,0.226802
139.255005,0.518730,0.229772
139.276001,0.518377,0.231614
139.276001,0.518338,0.234240
139.296997,0.517990,0.236095
139.296997,0.517912,0.237796
139.319000,0.517765,0.238893
139.339996,0.518002,0.240220
139.339996,0.518098,0.241486
139.360992,0.518025,0.243205
139.360992,0.517997,0.244697
139.382996,0.517927,0.246424
139.382996,0.518096,0.248317
139.404007,0.518597,0.249497
139.404007,0.518529,0.251239
139.425003,0.518699,0.253143
139.425003,0.518935,0.254488
139.447006,0.518935,0.255679
139.447006,0.519171,0.257028
139.468002,0.518973,0.259011
139.468002,0.519207,0.260364
139.488998,0.519207,0.261565
139.488998,0.519270,0.262201
139.511002,0.519503,0.263559
139.531998,0.519565,0.264197
139.531998,0.519826,0.264046
139.552994,0.520058,0.265408
139.552994,0.520119,0.266049
139.574997,0.520349,0.267414
139.574997,0.520347,0.268628
139.574997,0.520085,0.269992
139.595993,0.520144,0.270638
139.617004,0.520143,0.271858
139.617004,0.520170,0.274024
139.639008,0.520285,0.275324
139.639008,0.520080,0.277347
139.660004,0.519933,0.278794
139.660004,0.519985,0.280683
139.681000,0.519836,0.282133
139.681000,0.519681,0.284826
139.703003,0.519524,0.287525
139.723999,0.519416,0.290894
139.723999,0.519255,0.293608
139.744995,0.519085,0.297590
139.744995,0.518966,0.300993
139.744995,0.518797,0.303731
139.766998,0.519103,0.306495
139.766998,0.518930,0.309245
139.787994,0.519015,0.310604
139.809006,0.518837,0.313363
139.809006,0.519132,0.316153
139.830994,0.518950,0.318923
139.830994,0.519016,0.321592
139.852005,0.518830,0.324373
139.852005,0.518689,0.326546
139.873001,0.518748,0.329236
139.873001,0.518554,0.332030
139.895004,0.518372,0.333515
139.895004,0.518424,0.336221
139.916000,0.518194,0.338326
139.916000,0.518242,0.341044
139.936996,0.518259,0.343981
139.936996,0.518258,0.347334
139.959000,0.518037,0.351484
139.959000,0.517787,0.354936
139.979996,0.517536,0.358394
140.001007,0.517530,0.361786
140.001007,0.517255,0.364545
140.022995,0.517042,0.367385
140.022995,0.516573,0.370752
140.044006,0.516336,0.372883
140.044006,0.515844,0.375547
140.065002,0.515850,0.377620
140.065002,0.515394,0.379649
140.065002,0.515102,0.381716
140.087006,0.514628,0.383034
140.108002,0.513914,0.384413
140.108002,0.513626,0.386486
140.128998,0.513154,0.387811
140.128998,0.512682,0.389138
140.151001,0.511972,0.390523
140.151001,0.511501,0.391853
140.171997,0.510810,0.393093
140.192993,0.510102,0.394483
140.192993,0.509585,0.395775
140.214996,0.508851,0.397836
140.214996,0.508383,0.399180
140.235992,0.507663,0.399871
140.235992,0.507168,0.401891
140.235992,0.506702,0.403241
140.257004,0.505762,0.403860
140.257004,0.505279,0.404511
140.279007,0.504557,0.406600
140.300003,0.503851,0.407181
140.300003,0.503139,0.407896
140.320999,0.502220,0.409239
140.320999,0.501758,0.410604
140.343002,0.501050,0.411326
140.343002,0.500133,0.412676
140.363998,0.499450,0.412588
140.384995,0.498762,0.414011
140.384995,0.497851,0.413978
140.384995,0.496919,0.414647
140.406998,0.496026,0.415304
140.406998,0.495111,0.416664
140.427994,0.494197,0.418026
140.427994,0.493304,0.418681
140.449005,0.492391,0.420044
140.449005,0.491478,0.421410
140.470993,0.490601,0.422737
140.492004,0.489688,0.424101
140.492004,0.488776,0.425468
140.513000,0.487665,0.426158
140.513000,0.486533,0.428134
140.535004,0.485641,0.428773
140.535004,0.484730,0.430139
140.556000,0.483820,0.431506
140.556000,0.482897,0.432213
140.576996,0.482005,0.432847
140.576996,0.481096,0.434217
140.598999,0.479965,0.434794
140.598999,0.479044,0.435511
140.619995,0.477701,0.436126
140.619995,0.476359,0.436737
140.641006,0.474758,0.438045
140.641006,0.473417,0.438650
140.662994,0.471832,0.439201
140.684006,0.470488,0.441192
140.684006,0.468902,0.441734
140.705002,0.467310,0.443667
140.705002,0.465258,0.444958
140.705002,0.463466,0.446915
140.727005,0.461623,0.448790
140.727005,0.459824,0.450123
140.748001,0.458231,0.452034
140.768997,0.456182,0.453321
140.768997,0.454580,0.454625
140.791000,0.452974,0.457322
140.791000,0.451373,0.458627
140.811996,0.449773,0.459931
140.811996,0.448161,0.462045
140.832993,0.446562,0.463352
140.832993,0.444702,0.464625
140.854996,0.443086,0.466182
140.876007,0.441489,0.467495
140.876007,0.439882,0.469633
140.876007,0.438281,0.470390
140.897003,0.436412,0.472509
140.897003,0.434817,0.473827
140.919006,0.432957,0.475116
140.919006,0.431364,0.476430
140.940002,0.429495,0.478561
140.960999,0.427904,0.479873
140.960999,0.426036,0.482009
140.983002,0.424168,0.484149
140.983002,0.422307,0.485436
141.003998,0.420446,0.486721
141.003998,0.418853,0.488884
141.024994,0.417153,0.490164
141.024994,0.415285,0.492310
141.046997,0.413701,0.493603
141.046997,0.411991,0.495752
141.067993,0.410563,0.497044
141.067993,0.408978,0.498725
141.089005,0.407832,0.499553
141.089005,0.406553,0.501260
141.110992,0.405407,0.502096
141.110992,0.404405,0.504295
141.132004,0.403542,0.505144
141.153000,0.402831,0.505117
141.153000,0.401834,0.505971
141.175003,0.401405,0.505952
141.175003,0.400694,0.505927
141.195999,0.400265,0.505909
141.195999,0.399698,0.505893
141.195999,0.399273,0.505423
141.216995,0.398992,0.504524
141.238998,0.398848,0.504515
141.238998,0.398567,0.504057
141.259995,0.398569,0.503164
141.259995,0.398572,0.502271
141.281006,0.398572,0.502271
141.281006,0.398577,0.500928
141.302994,0.398861,0.500937
141.302994,0.399008,0.500050
141.324005,0.399292,0.500060
141.345001,0.400008,0.498740
141.345001,0.400436,0.498754
141.367004,0.401152,0.497889
141.367004,0.402150,0.496577
141.367004,0.403295,0.495728
141.388000,0.404293,0.494415
141.388000,0.405438,0.493569
141.408997,0.406866,0.492740
141.431000,0.408298,0.491037
141.431000,0.410163,0.489358
141.451996,0.412024,0.488564
141.451996,0.413456,0.486399
141.473007,0.415319,0.485614
141.473007,0.417187,0.483471
141.494995,0.419055,0.481330
141.494995,0.420920,0.480562
141.516006,0.422356,0.478930
141.516006,0.423957,0.477299
141.537003,0.425833,0.475709
141.537003,0.427261,0.474960
141.559006,0.428858,0.474206
141.559006,0.430016,0.473437
141.580002,0.431455,0.471866
141.580002,0.432603,0.471947
141.600998,0.433491,0.470613
141.600998,0.434637,0.470146
141.623001,0.435340,0.469654
141.643997,0.436485,0.469178
141.643997,0.437198,0.467849
141.664993,0.438100,0.465676
141.664993,0.438813,0.464348
141.686996,0.439250,0.463807
141.686996,0.439962,0.462477
141.686996,0.440411,0.461110
141.707993,0.440847,0.460564
141.729004,0.441115,0.459217
141.729004,0.441551,0.458668
141.751007,0.441999,0.457297
141.751007,0.441991,0.456732
141.772003,0.442003,0.455913
141.772003,0.441994,0.455348
141.792999,0.442248,0.454821
141.815002,0.442248,0.454821
141.815002,0.442420,0.454226
141.835999,0.442420,0.454226
141.835999,0.442411,0.453660
141.856995,0.442673,0.453698
141.856995,0.442664,0.453132
141.856995,0.442845,0.453101
141.878998,0.443098,0.452571
141.878998,0.443542,0.452576
141.899994,0.443794,0.452044
141.921005,0.444239,0.452048
141.921005,0.444423,0.450631
141.942993,0.444946,0.450706
141.942993,0.445380,0.450137
141.964005,0.445837,0.449329
141.964005,0.446272,0.448758
141.985001,0.446977,0.448799
141.985001,0.447412,0.448224
142.007004,0.447858,0.446840
142.007004,0.448118,0.445494
142.028000,0.448564,0.445495
142.028000,0.449011,0.444111
142.048996,0.449444,0.443530
142.048996,0.449691,0.444373
142.070999,0.449865,0.443749
142.070999,0.450299,0.443163
142.091995,0.450544,0.442617
142.113007,0.450963,0.441442
142.113007,0.450948,0.440857
142.134995,0.451396,0.440849
142.134995,0.451627,0.441099
142.156006,0.451805,0.441852
142.156006,0.452062,0.441888
142.177002,0.452062,0.441888
142.177002,0.452495,0.441289
142.199005,0.452480,0.440700
142.199005,0.452476,0.439314
142.220001,0.452488,0.438518
142.220001,0.452948,0.437710
142.240997,0.452932,0.437121
142.240997,0.452944,0.436325
142.263000,0.453185,0.435774
142.263000,0.453376,0.435723
142.283997,0.453372,0.434339
142.304993,0.453384,0.433545
142.304993,0.453401,0.434135
142.326996,0.453418,0.434725
142.326996,0.453896,0.434514
142.326996,0.453910,0.433721
142.348007,0.453910,0.433721
142.348007,0.454166,0.433764
142.369003,0.454358,0.433714
142.391006,0.454601,0.434548
142.391006,0.455049,0.434541
142.412003,0.455500,0.435920
142.412003,0.456206,0.437343
142.432999,0.456655,0.437338
142.432999,0.457090,0.438121
142.455002,0.457795,0.439545
142.455002,0.458246,0.440931
142.475998,0.458948,0.440967
142.496994,0.459398,0.442355
142.496994,0.460100,0.443783
142.496994,0.460549,0.443781
142.518997,0.461250,0.445211
142.518997,0.461699,0.446604
142.539993,0.462423,0.447871
142.539993,0.463081,0.448455
142.561005,0.463779,0.449894
142.582993,0.464499,0.451178
142.582993,0.465394,0.452592
142.604004,0.465853,0.453224
142.604004,0.466756,0.455271
142.625000,0.467709,0.455989
142.625000,0.468603,0.457416
142.647003,0.469509,0.458079
142.647003,0.470421,0.459383
142.667999,0.471565,0.459459
142.667999,0.472715,0.460177
142.688995,0.473607,0.461622
142.688995,0.474962,0.462333
142.710999,0.476108,0.463068
142.710999,0.477013,0.463769
142.731995,0.477920,0.465130
142.731995,0.478614,0.465854
142.753006,0.479517,0.466572
142.774994,0.480432,0.466549
142.774994,0.481335,0.467279
142.796005,0.482475,0.468055
142.796005,0.483363,0.469536
142.817001,0.484050,0.470282
142.817001,0.484715,0.470988
142.817001,0.485616,0.471067
142.839005,0.486517,0.471821
142.839005,0.487214,0.471847
142.860001,0.487664,0.472568
142.880997,0.488564,0.472656
142.880997,0.489028,0.471972
142.903000,0.489477,0.472700
142.903000,0.490159,0.472789
142.923996,0.490608,0.473520
142.923996,0.490827,0.473525
142.945007,0.491291,0.472849
142.966995,0.491741,0.472898
142.966995,0.492190,0.473635
142.988007,0.492420,0.473680
142.988007,0.492640,0.473686
142.988007,0.493089,0.474427
143.009003,0.493333,0.473752
143.009003,0.493553,0.473759
143.031006,0.493783,0.473804
143.031006,0.494004,0.473811
143.052002,0.494233,0.473857
143.072998,0.494454,0.473864
143.072998,0.494683,0.473909
143.095001,0.494902,0.474612
143.095001,0.495130,0.474657
143.115997,0.495349,0.475362
143.115997,0.495577,0.475407
143.136993,0.495800,0.475417
143.136993,0.496027,0.475462
143.158997,0.496247,0.476170
143.158997,0.496474,0.476215
143.179993,0.496924,0.476271
143.179993,0.497374,0.476328
143.201004,0.497598,0.476339
143.201004,0.497824,0.476384
143.223007,0.498044,0.477098
143.223007,0.498266,0.477845
143.244003,0.498262,0.478547
143.264999,0.498272,0.478541
143.264999,0.498272,0.478541
143.287003,0.498267,0.479243
143.287003,0.498261,0.479945
143.307999,0.498241,0.481356
143.307999,0.498009,0.482013
143.307999,0.497771,0.482704
143.328995,0.497524,0.484072
143.350998,0.497287,0.484763
143.350998,0.496818,0.486112
143.371994,0.496584,0.486770
143.371994,0.496333,0.488857
143.393005,0.496098,0.489515
143.393005,0.495627,0.490862
143.414993,0.495177,0.490796
143.414993,0.494707,0.492143
143.436005,0.494257,0.492078
143.457001,0.493578,0.492677
143.457001,0.493108,0.494022
143.479004,0.492428,0.493917
143.479004,0.491979,0.493851
143.479004,0.491529,0.493784
143.500000,0.491068,0.494443
143.500000,0.490618,0.494378
143.520996,0.489719,0.494247
143.542999,0.489270,0.494181
143.542999,0.488808,0.494846
143.563995,0.488359,0.494782
143.563995,0.487910,0.494717
143.585007,0.487227,0.494616
143.585007,0.486777,0.494551
143.606995,0.486328,0.494487
143.606995,0.485879,0.494423
143.628006,0.484980,0.494294
143.628006,0.484531,0.494230
143.649002,0.483629,0.494174
143.649002,0.483180,0.494112
143.671005,0.482282,0.493987
143.671005,0.481595,0.493888
143.692001,0.480705,0.493102
143.692001,0.479807,0.492980
143.712997,0.478910,0.492859
143.735001,0.478020,0.492082
143.735001,0.476870,0.492681
143.755997,0.475980,0.491913
143.755997,0.474830,0.492522
143.776993,0.473727,0.492389
143.776993,0.472594,0.491598
143.798996,0.471454,0.491452
143.798996,0.470547,0.492111
143.820007,0.469412,0.491332
143.820007,0.468314,0.491209
143.841003,0.467162,0.491845
143.841003,0.466020,0.491707
143.863007,0.464877,0.491570
143.863007,0.463994,0.490685
143.884003,0.462642,0.491313
143.884003,0.461511,0.490390
143.904999,0.460367,0.490251
143.927002,0.459223,0.490112
143.927002,0.458319,0.490802
143.947998,0.457174,0.490666
143.947998,0.455853,0.489116
143.968994,0.454703,0.489580
143.968994,0.453547,0.490243
143.968994,0.452396,0.490701
143.990997,0.451250,0.490563
144.011993,0.450361,0.490461
144.011993,0.449215,0.490324
144.033005,0.448068,0.490186
144.033005,0.447181,0.490085
144.054993,0.446034,0.489948
144.054993,0.444900,0.488994
144.076004,0.444014,0.488893
144.076004,0.443033,0.490158
144.097000,0.442147,0.490056
144.119003,0.441005,0.489353
144.119003,0.440300,0.489266
144.119003,0.439156,0.488571
144.139999,0.438451,0.488486
144.139999,0.437568,0.488391
144.160995,0.436862,0.488306
144.160995,0.435980,0.488211
144.182999,0.435007,0.488090
144.203995,0.434115,0.488832
144.203995,0.433422,0.487367
144.225006,0.432542,0.487276
144.225006,0.431832,0.487734
144.246994,0.431393,0.487688
144.246994,0.431125,0.487651
144.268005,0.430686,0.487604
144.268005,0.429981,0.486985
144.289001,0.429544,0.486406
144.289001,0.429287,0.485525
144.311005,0.428848,0.485481
144.311005,0.428409,0.485437
144.332001,0.428152,0.484553
144.332001,0.427713,0.484509
144.352997,0.427443,0.484471
144.352997,0.427277,0.483937
144.375000,0.427008,0.483371
144.395996,0.426571,0.482804
144.395996,0.426289,0.483090
144.417007,0.426290,0.482564
144.417007,0.425852,0.482527
144.438995,0.425852,0.482527
144.438995,0.425852,0.482527
144.438995,0.425852,0.482003
144.460007,0.425581,0.481968
144.460007,0.425581,0.481444
144.481003,0.425581,0.480920
144.503006,0.425413,0.480398
144.503006,0.425413,0.480398
144.524002,0.425570,0.481246
144.524002,0.425841,0.481279
144.544998,0.425841,0.481279
144.544998,0.426111,0.481312
144.567001,0.426278,0.480784
144.587997,0.426549,0.480816
144.587997,0.426548,0.480290
144.608994,0.426986,0.480318
144.608994,0.427695,0.480378
144.608994,0.427965,0.480410
144.630997,0.428404,0.480439
144.630997,0.429111,0.479966
144.651993,0.429549,0.479459
144.673004,0.430257,0.479517
144.673004,0.430695,0.479006
144.695007,0.431403,0.479061
144.695007,0.432111,0.479117
144.716003,0.432989,0.478625
144.716003,0.433697,0.478680
144.737000,0.434402,0.478188
144.737000,0.435284,0.478234
144.759003,0.435989,0.477737
144.779999,0.436694,0.477236
144.779999,0.437574,0.476723
144.779999,0.438269,0.477044
144.800995,0.438975,0.477090
144.800995,0.439860,0.477127
144.822998,0.440563,0.476611
144.822998,0.441268,0.476656
144.843994,0.441970,0.476135
144.843994,0.442594,0.476142
144.865005,0.443296,0.475616
144.886993,0.443740,0.475632
144.886993,0.444433,0.475919
144.908005,0.445140,0.476534
144.908005,0.445853,0.475761
144.929001,0.446481,0.475766
144.929001,0.447185,0.475810
144.929001,0.447888,0.475854
144.951004,0.448777,0.475888
144.972000,0.449480,0.475932
144.972000,0.450628,0.475994
144.992996,0.451775,0.476057
144.992996,0.452665,0.476092
145.014999,0.453812,0.476156
145.014999,0.455150,0.476211
145.035995,0.456306,0.475480
145.035995,0.457455,0.476154
145.057007,0.458795,0.476217
145.078995,0.460388,0.476311
145.078995,0.461784,0.476413
145.100006,0.463128,0.477099
145.100006,0.464720,0.477199
145.100006,0.466311,0.477301
145.121002,0.467655,0.477374
145.121002,0.469247,0.478112
145.143005,0.470837,0.478221
145.164001,0.472427,0.478330
145.164001,0.474222,0.478437
145.184998,0.475821,0.478442
145.184998,0.477617,0.479216
145.207001,0.479204,0.479998
145.207001,0.481002,0.480128
145.227997,0.483027,0.481701
145.227997,0.484825,0.481834
145.248993,0.486868,0.481265
145.248993,0.488884,0.481409
145.270996,0.490915,0.482267
145.270996,0.492716,0.482414
145.292007,0.494955,0.484012
145.292007,0.496756,0.484162
145.313004,0.498780,0.485046
145.313004,0.500580,0.485202
145.335007,0.502607,0.485368
145.356003,0.504405,0.486243
145.356003,0.506205,0.486405
145.376999,0.508002,0.487293
145.376999,0.509801,0.487461
145.399002,0.511596,0.488361
145.399002,0.513394,0.488534
145.419998,0.514972,0.489418
145.419998,0.516769,0.489596
145.440994,0.518354,0.489746
145.440994,0.519935,0.490647
145.462997,0.521283,0.490784
145.462997,0.522879,0.490285
145.483994,0.524220,0.491185
145.483994,0.525808,0.491349
145.505005,0.527147,0.492257
145.505005,0.528729,0.493193
145.526993,0.530066,0.494113
145.548004,0.531402,0.495037
145.548004,0.532782,0.495966
145.569000,0.534124,0.496122
145.569000,0.535465,0.496436
145.591003,0.536599,0.497355
145.591003,0.538179,0.498334
145.591003,0.539311,0.499438
145.612000,0.540639,0.500403
145.632996,0.541772,0.501347
145.632996,0.542913,0.501690
145.654999,0.544034,0.503443
145.654999,0.545357,0.504430
145.675995,0.546489,0.505397
145.675995,0.547608,0.507171
145.697006,0.549003,0.507603
145.697006,0.549877,0.508543
145.718994,0.551437,0.510410
145.740005,0.552568,0.511406
145.740005,0.553439,0.512356
145.740005,0.554591,0.511968
145.761002,0.555538,0.512955
145.761002,0.556423,0.513096
145.783005,0.557553,0.514109
145.783005,0.558705,0.513737
145.804001,0.559392,0.514686
145.824997,0.560276,0.514830
145.824997,0.560980,0.514956
145.847000,0.561685,0.515081
145.847000,0.562109,0.515981
145.867996,0.562815,0.516108
145.867996,0.563696,0.516252
145.889008,0.564402,0.516379
145.889008,0.564837,0.516999
145.910995,0.565103,0.517054
145.910995,0.565804,0.517725
145.932007,0.566245,0.517794
145.932007,0.566240,0.518339
145.953003,0.566680,0.518407
145.953003,0.566947,0.518461
145.975006,0.567099,0.519853
145.975006,0.567099,0.519853
145.996002,0.567078,0.521232
146.016998,0.567060,0.522069
146.016998,0.566617,0.522547
146.039001,0.566597,0.523927
146.039001,0.566595,0.524471
146.059998,0.566115,0.527169
146.059998,0.565829,0.528492
146.059998,0.565369,0.530359
146.080994,0.564909,0.531681
146.080994,0.564625,0.533552
146.102997,0.564149,0.536257
146.123993,0.563690,0.537582
146.123993,0.562945,0.539123
146.145004,0.562505,0.539622
146.145004,0.562043,0.540394
146.167007,0.561358,0.540010
146.167007,0.560934,0.539133
146.188004,0.560692,0.538810
146.209000,0.560268,0.537936
146.209000,0.559825,0.537885
146.231003,0.559137,0.536955
146.231003,0.558874,0.536899
146.231003,0.558449,0.536028
146.251999,0.557761,0.535104
146.251999,0.557091,0.533364
146.272995,0.556238,0.532203
146.272995,0.555567,0.531047
146.294998,0.554894,0.529899
146.315994,0.554008,0.530391
146.315994,0.553119,0.530308
146.337006,0.551956,0.530988
146.337006,0.550794,0.532247
146.358994,0.549630,0.532919
146.358994,0.548469,0.534177
146.380005,0.547595,0.533881
146.380005,0.546447,0.533750
146.401001,0.545302,0.534215
146.401001,0.543708,0.534043
146.423004,0.542562,0.533911
146.423004,0.541400,0.534568
146.444000,0.540061,0.535049
146.444000,0.538900,0.535699
146.464996,0.537557,0.535568
146.464996,0.536413,0.536049
146.487000,0.535255,0.537313
146.507996,0.533894,0.537957
146.507996,0.532735,0.539216
146.529007,0.531389,0.539082
146.529007,0.530025,0.539713
146.550995,0.528433,0.539519
146.550995,0.527275,0.540774
146.550995,0.525927,0.540632
146.572006,0.524788,0.541130
146.593002,0.523438,0.540989
146.593002,0.522073,0.542251
146.615005,0.520483,0.542052
146.615005,0.519134,0.542568
146.636002,0.517528,0.543108
146.636002,0.516176,0.542960
146.656998,0.514374,0.542760
146.656998,0.512769,0.543282
146.679001,0.511417,0.543125
146.699997,0.509613,0.542914
146.699997,0.508031,0.543382
146.720993,0.506457,0.543228
146.720993,0.504856,0.543722
146.720993,0.503281,0.544257
146.742996,0.501682,0.544739
146.742996,0.500104,0.545278
146.764008,0.498507,0.546455
146.785004,0.496703,0.546228
146.785004,0.495101,0.546750
146.807007,0.493728,0.547978
146.807007,0.491923,0.547739
146.828003,0.490317,0.548964
146.828003,0.488726,0.549392
146.848999,0.487118,0.550608
146.848999,0.485766,0.551150
146.871002,0.484154,0.551627
146.871002,0.482330,0.552767
146.891998,0.480716,0.553226
146.891998,0.479341,0.553674
146.912994,0.477726,0.554864
146.912994,0.475901,0.555225
146.934998,0.474283,0.556403
146.934998,0.472664,0.557578
146.955994,0.470864,0.558041
146.977005,0.469244,0.558444
146.977005,0.467173,0.559527
146.998993,0.465550,0.560683
146.998993,0.464177,0.561834
146.998993,0.462553,0.562980
146.998993,0.460955,0.563515
147.020004,0.459356,0.564053
147.020004,0.457757,0.564593
147.020004,0.456157,0.564347
147.041000,0.454301,0.564889
147.063004,0.452511,0.564557
147.063004,0.450679,0.564520
147.084000,0.448632,0.564989
147.084000,0.446772,0.564734
147.104996,0.444725,0.565205
147.104996,0.442862,0.565758
147.126999,0.440819,0.565414
147.147995,0.438954,0.565968
147.147995,0.437089,0.565700
147.169006,0.435341,0.565638
147.169006,0.433503,0.564833
147.190994,0.431664,0.564033
147.190994,0.429822,0.564074
147.190994,0.428253,0.563293
147.212006,0.426660,0.563036
147.212006,0.425260,0.562338
147.233002,0.423691,0.562416
147.255005,0.422538,0.563093
147.255005,0.421136,0.562412
147.276001,0.419987,0.561389
147.276001,0.418584,0.560710
147.296997,0.417457,0.560043
147.296997,0.416330,0.559381
147.319000,0.414905,0.558342
147.339996,0.413759,0.557306
147.339996,0.412614,0.556266
147.339996,0.411621,0.556159
147.360992,0.410450,0.556456
147.360992,0.409284,0.555875
147.382996,0.408289,0.555757
147.382996,0.407401,0.556050
147.404007,0.406406,0.555927
147.404007,0.405415,0.554926
147.425003,0.404552,0.554746
147.447006,0.403555,0.554618
147.447006,0.402848,0.553627
147.468002,0.402134,0.553515
147.468002,0.401711,0.552542
147.488998,0.401004,0.551545
147.488998,0.400298,0.550545
147.511002,0.399593,0.549542
147.511002,0.398879,0.549424
147.531998,0.398166,0.549305
147.531998,0.397444,0.550075
147.552994,0.396709,0.550395
147.552994,0.396273,0.551190
147.574997,0.395647,0.552901
147.574997,0.395212,0.553695
147.595993,0.394490,0.554463
147.595993,0.393938,0.553982
147.617004,0.393512,0.553886
147.639008,0.393078,0.554683
147.639008,0.392790,0.554659
147.660004,0.392494,0.555529
147.660004,0.392301,0.557202
147.660004,0.391981,0.558496
147.681000,0.391956,0.558920
147.681000,0.391667,0.558895
147.703003,0.391370,0.559765
147.723999,0.391378,0.558870
147.723999,0.391634,0.560213
147.744995,0.391609,0.560635
147.744995,0.391609,0.560635
147.766998,0.392034,0.560740
147.766998,0.392289,0.562083
147.787994,0.392715,0.562188
147.787994,0.392978,0.562639
147.809006,0.393666,0.563198
147.830994,0.394092,0.563306
147.830994,0.394807,0.563439
147.830994,0.395488,0.564892
147.852005,0.396482,0.565935
147.852005,0.397162,0.567387
147.873001,0.397956,0.569365
147.873001,0.398915,0.571724
147.895004,0.399738,0.573269
147.916000,0.400711,0.573866
147.916000,0.401821,0.575436
147.936996,0.402538,0.575568
147.936996,0.403564,0.576139
147.959000,0.404428,0.576361
147.959000,0.405424,0.577374
147.979996,0.406534,0.579805
147.979996,0.407678,0.581770
148.001007,0.408357,0.584083
148.001007,0.409441,0.586105
148.022995,0.410559,0.587663
148.022995,0.411643,0.589694
148.044006,0.412760,0.592110
148.044006,0.414162,0.593674
148.065002,0.415282,0.596082
148.065002,0.416440,0.597155
148.087006,0.417600,0.598223
148.108002,0.419004,0.599770
148.108002,0.420571,0.601427
148.128998,0.421695,0.602136
148.128998,0.423265,0.603793
148.151001,0.424706,0.604000
148.151001,0.426144,0.603372
148.151001,0.427752,0.603687
148.171997,0.429362,0.603997
148.171997,0.431209,0.604811
148.192993,0.432647,0.604999
148.214996,0.434534,0.606100
148.214996,0.436147,0.606391
148.235992,0.438242,0.605430
148.235992,0.440126,0.605690
148.257004,0.442041,0.604595
148.257004,0.444142,0.604399
148.279007,0.446024,0.604631
148.300003,0.448127,0.604404
148.300003,0.450466,0.605490
148.320999,0.452571,0.605225
148.320999,0.454642,0.605520
148.320999,0.457008,0.605192
148.343002,0.459371,0.604841
148.343002,0.461941,0.605339
148.363998,0.464514,0.605801
148.384995,0.467341,0.606188
148.384995,0.469916,0.606577
148.406998,0.472525,0.606309
148.406998,0.475085,0.605882
148.427994,0.477644,0.605429
148.427994,0.480398,0.604314
148.449005,0.482908,0.603738
148.449005,0.485890,0.603918
148.470993,0.488414,0.604045
148.470993,0.491205,0.604288
148.492004,0.493978,0.603790
148.492004,0.496744,0.604641
148.513000,0.499518,0.604089
148.513000,0.502292,0.603509
148.535004,0.505042,0.602224
148.535004,0.507791,0.600924
148.556000,0.510537,0.599610
148.576996,0.513279,0.598281
148.576996,0.515995,0.597663
148.598999,0.519017,0.596302
148.598999,0.521538,0.594993
148.619995,0.524577,0.592822
148.619995,0.527323,0.590656
148.641006,0.530328,0.587768
148.641006,0.533034,0.583553
148.641006,0.535553,0.580006
148.662994,0.538518,0.576425
148.684006,0.540993,0.573019
148.684006,0.543754,0.569468
148.705002,0.546244,0.566653
148.705002,0.548742,0.563037
148.727005,0.551054,0.560844
148.727005,0.553560,0.557777
148.748001,0.555606,0.555524
148.748001,0.557459,0.554128
148.768997,0.559478,0.552124
148.791000,0.561067,0.550705
148.791000,0.562907,0.548758
148.811996,0.564494,0.547343
148.811996,0.565619,0.546236
148.811996,0.567026,0.545704
148.832993,0.568165,0.545154
148.832993,0.569304,0.544609
148.854996,0.570455,0.544601
148.876007,0.571586,0.544906
148.876007,0.572289,0.545759
148.897003,0.573432,0.546600
148.897003,0.574136,0.547458
148.919006,0.575287,0.547455
148.919006,0.576148,0.549124
148.940002,0.577133,0.549163
148.940002,0.577837,0.550028
148.960999,0.578540,0.550894
148.960999,0.579253,0.550908
148.983002,0.579678,0.550386
148.983002,0.580382,0.551257
149.003998,0.580810,0.552100
149.003998,0.581513,0.552974
149.024994,0.581941,0.553818
149.024994,0.582207,0.554707
149.046997,0.582648,0.556050
149.067993,0.582914,0.556941
149.067993,0.583345,0.559140
149.089005,0.583599,0.560891
149.089005,0.583592,0.563101
149.110992,0.583568,0.564815
149.110992,0.583560,0.567022
149.132004,0.583391,0.569283
149.132004,0.583382,0.571488
149.153000,0.583077,0.573153
149.153000,0.582906,0.575412
149.175003,0.582457,0.577627
149.175003,0.582169,0.579777
149.195999,0.581718,0.581986
149.195999,0.580968,0.583646
149.216995,0.580511,0.584506
149.216995,0.579616,0.586723
149.238998,0.578861,0.588366
149.259995,0.578128,0.590506
149.259995,0.577205,0.592205
149.281006,0.576003,0.593836
149.281006,0.574798,0.595456
149.281006,0.573866,0.597130
149.302994,0.572680,0.597901
149.302994,0.571196,0.599421
149.324005,0.570007,0.600174
149.345001,0.568818,0.600921
149.345001,0.567333,0.602403
149.367004,0.565963,0.604551
149.367004,0.564319,0.606613
149.388000,0.563123,0.608674
149.388000,0.561471,0.612062
149.408997,0.559820,0.614096
149.408997,0.558191,0.616668
149.431000,0.556108,0.619226
149.451996,0.554255,0.622652
149.451996,0.552353,0.625111
149.451996,0.550255,0.628981
149.473007,0.547928,0.632356
149.473007,0.545853,0.635438
149.494995,0.543782,0.637184
149.494995,0.541471,0.639769
149.516006,0.539167,0.641986
149.537003,0.536666,0.642967
149.537003,0.534093,0.644091
149.559006,0.531549,0.645801
149.559006,0.528760,0.646987
149.580002,0.526219,0.647348
149.580002,0.523709,0.648322
149.600998,0.520744,0.647938
149.600998,0.518245,0.647587
149.623001,0.515706,0.647935
149.623001,0.513210,0.647587
149.643997,0.510729,0.647444
149.643997,0.508205,0.646448
149.664993,0.505524,0.645508
149.664993,0.503033,0.645173
149.686996,0.500517,0.644172
149.686996,0.498001,0.643361
149.707993,0.495559,0.642372
149.729004,0.492774,0.642087
149.729004,0.490281,0.641953
149.751007,0.487563,0.641700
149.751007,0.485067,0.641573
149.772003,0.482615,0.639920
149.772003,0.480119,0.639801
149.772003,0.477600,0.638966
149.792999,0.474932,0.638115
149.792999,0.472436,0.638010
149.815002,0.470171,0.637111
149.835999,0.467677,0.637011
149.835999,0.465120,0.636763
149.856995,0.462785,0.637372
149.856995,0.459945,0.638487
149.878998,0.457406,0.638951
149.878998,0.455064,0.639534
149.899994,0.452525,0.639982
149.921005,0.450033,0.639868
149.921005,0.447715,0.639113
149.942993,0.445369,0.639677
149.942993,0.443049,0.638913
149.942993,0.440701,0.639467
149.964005,0.438609,0.639176
149.964005,0.436260,0.639713
149.985001,0.434089,0.640376
150.007004,0.432015,0.640857
150.007004,0.429650,0.640571
150.028000,0.427472,0.641214
150.028000,0.425572,0.641812
150.048996,0.423207,0.641493
150.048996,0.421306,0.642079
150.070999,0.419440,0.641366
150.070999,0.417575,0.640652
150.091995,0.415710,0.639938
150.091995,0.413846,0.639224
150.113007,0.412270,0.638479
150.113007,0.410455,0.637313
150.134995,0.408739,0.635901
150.134995,0.407167,0.635164
150.156006,0.405589,0.633585
150.156006,0.403919,0.631722
150.177002,0.402344,0.630141
150.177002,0.400965,0.628255
150.199005,0.399541,0.626802
150.220001,0.398454,0.624898
150.220001,0.397038,0.624306
150.240997,0.395617,0.622852
150.240997,0.394489,0.621378
150.263000,0.393410,0.620356
150.263000,0.392284,0.618886
150.263000,0.391338,0.617125
150.283997,0.390219,0.616533
150.304993,0.389232,0.615184
150.304993,0.388070,0.614121
150.326996,0.387345,0.614034
150.326996,0.386320,0.613079
150.348007,0.385633,0.612592
150.348007,0.384904,0.611619
150.369003,0.384514,0.611123
150.369003,0.383786,0.610147
150.391006,0.383528,0.609767
150.412003,0.383100,0.609666
150.412003,0.382800,0.608789
150.432999,0.382670,0.608677
150.432999,0.382333,0.608186
150.432999,0.382370,0.607798
150.455002,0.382367,0.606909
150.455002,0.382272,0.605520
150.475998,0.382266,0.603740
150.496994,0.382300,0.602460
150.496994,0.382333,0.601179
150.518997,0.382365,0.599897
150.518997,0.382398,0.598613
150.539993,0.382429,0.597328
150.539993,0.382754,0.595141
150.561005,0.382782,0.592959
150.561005,0.382843,0.590379
150.582993,0.383167,0.589082
150.582993,0.383488,0.586887
150.604004,0.383515,0.584696
150.604004,0.383808,0.583794
150.625000,0.384129,0.581597
150.625000,0.384579,0.579484
150.647003,0.385165,0.578582
150.647003,0.385616,0.577362
150.667999,0.386201,0.576461
150.688995,0.386944,0.575236
150.688995,0.387660,0.574417
150.710999,0.388377,0.574494
150.710999,0.389119,0.573261
150.731995,0.389836,0.572442
150.731995,0.390868,0.572095
150.753006,0.391609,0.570852
150.753006,0.392640,0.570493
150.774994,0.393379,0.569242
150.774994,0.394406,0.567984
150.796005,0.395286,0.567685
150.796005,0.396312,0.566416
150.817001,0.397026,0.565588
150.817001,0.397763,0.564320
150.839005,0.398764,0.563487
150.839005,0.399478,0.562661
150.860001,0.400194,0.562719
150.880997,0.401193,0.561890
150.880997,0.401908,0.561947
150.903000,0.402790,0.560735
150.903000,0.403504,0.559911
150.903000,0.404239,0.558628
150.923996,0.405237,0.558677
150.923996,0.405972,0.558265
150.945007,0.406707,0.557848
150.966995,0.407420,0.557023
150.966995,0.408134,0.557071
150.988007,0.408866,0.555775
150.988007,0.409599,0.555346
151.009003,0.410484,0.554100
151.009003,0.411494,0.552786
151.031006,0.412226,0.552344
151.031006,0.412955,0.551031
151.052002,0.414104,0.551114
151.072998,0.414815,0.550286
151.072998,0.415803,0.549454
151.072998,0.416673,0.548683
151.095001,0.417660,0.547855
151.095001,0.418807,0.547081
151.115997,0.419969,0.544947
151.115997,0.421117,0.544175
151.136993,0.422117,0.542846
151.158997,0.423280,0.541561
151.158997,0.424429,0.540790
151.179993,0.425591,0.538650
151.179993,0.426572,0.536992
151.201004,0.427734,0.535702
151.201004,0.428883,0.534094
151.223007,0.429593,0.532450
151.223007,0.430744,0.530854
151.244003,0.431457,0.528380
151.244003,0.432610,0.526798
151.264999,0.433338,0.523796
151.264999,0.434240,0.520831
151.287003,0.434966,0.518670
151.287003,0.436118,0.517939
151.307999,0.436834,0.516335
151.307999,0.437546,0.515566
151.328995,0.438430,0.514558
151.350998,0.438894,0.512391
151.350998,0.439620,0.509978
151.371994,0.440340,0.508399
151.371994,0.441061,0.506827
151.393005,0.441691,0.506081
151.393005,0.442406,0.505085
151.393005,0.443119,0.504349
151.414993,0.443571,0.503585
151.414993,0.444459,0.503453
151.436005,0.445173,0.502726
151.457001,0.445886,0.502003
151.457001,0.446773,0.502123
151.479004,0.447467,0.502797
151.479004,0.448345,0.503502
151.500000,0.449038,0.504183
151.500000,0.449472,0.504833
151.520996,0.450351,0.505551
151.542999,0.451053,0.505436
151.542999,0.451743,0.506130
151.563995,0.452632,0.506060
151.563995,0.453321,0.506763
151.563995,0.454211,0.506705
151.585007,0.454910,0.506618
151.585007,0.455788,0.507372
151.606995,0.456679,0.507336
151.606995,0.457137,0.506621
151.628006,0.458281,0.506638
151.649002,0.459159,0.507412
151.649002,0.459856,0.507360
151.671005,0.460748,0.507357
151.671005,0.461640,0.507361
151.692001,0.462336,0.507328
151.692001,0.463258,0.505947
151.712997,0.464151,0.505973
151.712997,0.465060,0.505384
151.735001,0.466200,0.505625
151.735001,0.467110,0.505041
151.755997,0.468250,0.505284
151.755997,0.469128,0.506110
151.776993,0.470023,0.506172
151.776993,0.470918,0.506372
151.798996,0.471868,0.505806
151.798996,0.472763,0.506007
151.820007,0.473689,0.504802
151.841003,0.474379,0.504953
151.841003,0.475032,0.505103
151.863007,0.475737,0.504496
151.863007,0.476185,0.504597
151.884003,0.476633,0.504594
151.884003,0.477081,0.504697
151.884003,0.477529,0.504700
151.904999,0.477754,0.503999
151.927002,0.478011,0.503300
151.927002,0.478012,0.503203
151.947998,0.478012,0.503203
151.947998,0.477790,0.502394
151.968994,0.477808,0.501641
151.968994,0.477379,0.500777
151.990997,0.476950,0.499912
151.990997,0.476522,0.499045
152.011993,0.476095,0.498177
152.033005,0.475651,0.497956
152.033005,0.475204,0.497841
152.054993,0.474536,0.496903
152.054993,0.474089,0.496787
152.054993,0.473421,0.495844
152.076004,0.472564,0.494206
152.076004,0.471896,0.493258
152.097000,0.471267,0.492328
152.119003,0.470615,0.490737
152.119003,0.469744,0.489735
152.139999,0.469076,0.488775
152.139999,0.468221,0.487136
152.160995,0.467106,0.486053
152.160995,0.465992,0.484965
152.182999,0.464852,0.484649
152.182999,0.463552,0.482893
152.203995,0.462474,0.480398
152.203995,0.461163,0.479260
152.225006,0.459863,0.475891
152.225006,0.458592,0.473352
152.246994,0.457061,0.471330
152.246994,0.455512,0.469491
152.268005,0.454174,0.467485
152.268005,0.452645,0.465441
152.289001,0.451087,0.464188
152.311005,0.449530,0.462932
152.311005,0.447973,0.461672
152.332001,0.446386,0.461216
152.332001,0.444578,0.459283
152.352997,0.443172,0.458851
152.352997,0.441583,0.458402
152.375000,0.440027,0.457138
152.375000,0.438177,0.456592
152.395996,0.436320,0.456600
152.395996,0.434728,0.456702
152.417007,0.432904,0.455866
152.417007,0.431052,0.455313
152.438995,0.429024,0.455282
152.438995,0.427341,0.454742
152.460007,0.425757,0.454296
152.460007,0.423906,0.453232
152.481003,0.422051,0.452693
152.503006,0.420472,0.451753
152.503006,0.418617,0.451226
152.524002,0.416891,0.451561
152.524002,0.415036,0.451043
152.524002,0.413148,0.451389
152.544998,0.411538,0.452329
152.544998,0.409807,0.452689
152.567001,0.407953,0.452662
152.587997,0.406499,0.453131
152.587997,0.404614,0.453506
152.608994,0.403192,0.453112
152.608994,0.401769,0.452261
152.630997,0.400314,0.452754
152.630997,0.398891,0.452371
152.651993,0.397497,0.450659
152.651993,0.396042,0.451168
152.673004,0.394618,0.450795
152.695007,0.393481,0.450521
152.695007,0.392058,0.450152
152.695007,0.390769,0.449347
152.716003,0.389632,0.449081
152.716003,0.388344,0.448710
152.737000,0.387208,0.448447
152.737000,0.386074,0.448187
152.759003,0.384752,0.448720
152.779999,0.383615,0.448057
152.779999,0.382612,0.447791
152.800995,0.381584,0.448832
152.800995,0.380161,0.448488
152.822998,0.379158,0.448223
152.822998,0.378003,0.449277
152.843994,0.377004,0.449401
152.843994,0.375970,0.450048
152.865005,0.374554,0.450088
152.865005,0.373550,0.449823
152.886993,0.372520,0.450851
152.886993,0.371515,0.450586
152.908005,0.370514,0.450692
152.908005,0.369391,0.450442
152.929001,0.368386,0.450177
152.929001,0.367385,0.450274
152.951004,0.366350,0.450932
152.951004,0.365344,0.450668
152.972000,0.364307,0.451331
152.992996,0.363189,0.451088
152.992996,0.362183,0.450828
153.014999,0.361177,0.450569
153.014999,0.360170,0.450312
153.014999,0.359164,0.450055
153.035995,0.358128,0.450732
153.035995,0.357121,0.450478
153.057007,0.355784,0.451069
153.078995,0.354672,0.450839
153.078995,0.353637,0.451527
153.100006,0.352329,0.451191
153.100006,0.351286,0.451571
153.121002,0.350251,0.452271
153.121002,0.348941,0.451945
153.143005,0.347906,0.452650
153.143005,0.346794,0.452137
153.164001,0.345457,0.452766
153.184998,0.344450,0.452536
153.184998,0.343131,0.451934
153.184998,0.342098,0.452658
153.207001,0.341091,0.452436
153.207001,0.340085,0.452214
153.227997,0.339168,0.451967
153.227997,0.338134,0.452701
153.248993,0.337128,0.452483
153.270996,0.336121,0.452265
153.270996,0.335106,0.451784
153.292007,0.334492,0.451624
153.292007,0.333485,0.451413
153.313004,0.332479,0.451202
153.313004,0.331864,0.451043
153.335007,0.331166,0.450914
153.356003,0.330468,0.450785
153.356003,0.329852,0.450627
153.356003,0.329155,0.450500
153.376999,0.328537,0.450342
153.376999,0.328229,0.450263
153.399002,0.327532,0.450137
153.399002,0.327223,0.450059
153.419998,0.326605,0.449901
153.419998,0.326244,0.448893
153.440994,0.325934,0.448814
153.462997,0.325625,0.448736
153.462997,0.325315,0.448657
153.483994,0.325315,0.448657
153.483994,0.324930,0.448612
153.505005,0.324919,0.448378
153.505005,0.324919,0.448378
153.505005,0.324919,0.448378
153.526993,0.324944,0.447415
153.548004,0.324944,0.447415
153.548004,0.325329,0.447458
153.569000,0.325343,0.446260
153.569000,0.325653,0.446338
153.591003,0.325951,0.446178
153.591003,0.326260,0.446255
153.612000,0.326945,0.446133
153.612000,0.327279,0.445248
153.632996,0.327886,0.445159
153.654999,0.328298,0.444238
153.654999,0.328904,0.444145
153.675995,0.329627,0.443301
153.675995,0.330232,0.443204
153.675995,0.330955,0.442360
153.697006,0.331559,0.442259
153.697006,0.332259,0.442371
153.718994,0.332887,0.441310
153.740005,0.333587,0.441422
153.740005,0.334190,0.441311
153.761002,0.334890,0.441422
153.761002,0.335579,0.441267
153.783005,0.336501,0.441491
153.783005,0.337214,0.440379
153.804001,0.338223,0.440563
153.804001,0.339131,0.440512
153.824997,0.340140,0.440695
153.824997,0.341136,0.440597
153.847000,0.342170,0.439833
153.847000,0.343143,0.440676
153.867996,0.344458,0.440932
153.867996,0.345797,0.440247
153.889008,0.346794,0.440133
153.889008,0.348206,0.440354
153.910995,0.349508,0.440308
153.932007,0.350822,0.440567
153.932007,0.352438,0.440903
153.953003,0.353841,0.440810
153.953003,0.355129,0.442006
153.975006,0.356847,0.442307
153.975006,0.358146,0.442239
153.996002,0.359864,0.442541
153.996002,0.361273,0.442429
153.996002,0.362881,0.442767
154.016998,0.364625,0.442148
154.039001,0.366035,0.442028
154.039001,0.367639,0.442370
154.059998,0.369348,0.442317
154.059998,0.371043,0.443546
154.080994,0.372752,0.443483
154.080994,0.374471,0.443793
154.102997,0.376190,0.444107
154.123993,0.377923,0.443124
154.123993,0.379769,0.443413
154.145004,0.381488,0.443734
154.145004,0.383197,0.443653
154.167007,0.384915,0.443975
154.167007,0.386766,0.444275
154.167007,0.388499,0.443286
154.188004,0.390504,0.443693
154.188004,0.392349,0.443570
154.209000,0.394089,0.443013
154.231003,0.395936,0.442884
154.231003,0.397650,0.443220
154.251999,0.399784,0.443161
154.251999,0.401634,0.443019
154.272995,0.403345,0.443356
154.272995,0.405222,0.442333
154.294998,0.407356,0.442257
154.315994,0.409242,0.441708
154.315994,0.411375,0.441628
154.315994,0.413230,0.441463
154.337006,0.415085,0.441292
154.337006,0.417224,0.441693
154.358994,0.419105,0.440663
154.358994,0.420961,0.440482
154.380005,0.423288,0.440022
154.380005,0.425171,0.438996
154.401001,0.427027,0.438808
154.423004,0.429160,0.439225
154.423004,0.431215,0.438179
154.444000,0.433071,0.437983
154.444000,0.434926,0.437781
154.464996,0.437225,0.437633
154.464996,0.439112,0.437159
154.487000,0.441147,0.436928
154.487000,0.443000,0.436713
154.507996,0.445037,0.436472
154.507996,0.446896,0.436822
154.529007,0.448935,0.436576
154.529007,0.450812,0.435548
154.550995,0.452852,0.435296
154.550995,0.454478,0.434781
154.572006,0.456519,0.434528
154.572006,0.458146,0.434027
154.593002,0.460222,0.433605
154.615005,0.461821,0.433899
154.615005,0.463442,0.432809
154.636002,0.465041,0.433109
154.636002,0.466864,0.432009
154.636002,0.468462,0.432315
154.656998,0.469838,0.431147
154.656998,0.471432,0.430824
154.679001,0.472814,0.430295
154.699997,0.474407,0.429970
154.699997,0.475762,0.430198
154.720993,0.477355,0.429869
154.720993,0.478710,0.430099
154.742996,0.480331,0.429030
154.742996,0.481687,0.429265
154.764008,0.483044,0.429503
154.764008,0.484635,0.429169
154.785004,0.485995,0.430078
154.807007,0.487587,0.430416
154.807007,0.488944,0.430664
154.807007,0.490504,0.431722
154.828003,0.491860,0.431974
154.828003,0.493667,0.431626
154.848999,0.495024,0.431881
154.848999,0.496382,0.432137
154.871002,0.497966,0.432488
154.891998,0.499550,0.433446
154.891998,0.500907,0.433714
154.912994,0.502263,0.433985
154.912994,0.503620,0.434258
154.934998,0.504746,0.434532
154.934998,0.506072,0.434776
154.955994,0.507208,0.434959
154.955994,0.508563,0.435234
154.977005,0.509919,0.434789
154.977005,0.511058,0.434976
154.998993,0.512443,0.434588
154.998993,0.513563,0.434139
155.020004,0.514702,0.434331
155.020004,0.516058,0.433881
155.041000,0.517229,0.433418
155.041000,0.518133,0.432872
155.063004,0.519518,0.432511
155.084000,0.520661,0.432712
155.084000,0.521565,0.432163
155.104996,0.522498,0.431717
155.104996,0.523643,0.431923
155.126999,0.524546,0.431372
155.126999,0.525211,0.432115
155.126999,0.525868,0.432308
155.147995,0.526564,0.432414
155.169006,0.527219,0.432608
155.169006,0.527915,0.432716
155.190994,0.528336,0.433446
155.190994,0.528786,0.433546
155.212006,0.529206,0.434274
155.212006,0.529658,0.433611
155.233002,0.530079,0.434335
155.233002,0.530326,0.434342
155.255005,0.530326,0.434342
155.276001,0.530500,0.435057
155.276001,0.530747,0.435064
155.296997,0.530747,0.435064
155.296997,0.530747,0.435064
155.296997,0.530471,0.435682
155.319000,0.530471,0.435682
155.319000,0.530021,0.435587
155.339996,0.530021,0.435587
155.360992,0.529571,0.435491
155.360992,0.529121,0.435396
155.382996,0.528425,0.435296
155.382996,0.527974,0.435201
155.404007,0.527319,0.435018
155.404007,0.526624,0.434920
155.425003,0.525928,0.434821
155.425003,0.525272,0.434640
155.447006,0.524577,0.434543
155.447006,0.523675,0.434359
155.468002,0.523225,0.433517
155.468002,0.522323,0.433336
155.488998,0.521420,0.433155
155.488998,0.520727,0.433065
155.511002,0.519853,0.431494
155.511002,0.518950,0.431316
155.531998,0.518046,0.431139
155.552994,0.517142,0.430963
155.552994,0.516267,0.430130
155.574997,0.515125,0.429957
155.574997,0.514251,0.429850
155.595993,0.512894,0.429585
155.595993,0.511990,0.429409
155.617004,0.510851,0.429961
155.617004,0.509758,0.429022
155.617004,0.508619,0.428851
155.639008,0.507263,0.429305
155.660004,0.505936,0.428363
155.660004,0.504810,0.428805
155.681000,0.503676,0.429343
155.681000,0.502318,0.429079
155.703003,0.500768,0.428734
155.703003,0.499410,0.429168
155.723999,0.497856,0.428211
155.744995,0.496501,0.428638
155.744995,0.494916,0.428967
155.766998,0.493107,0.429299
155.766998,0.491781,0.428323
155.787994,0.489973,0.428647
155.787994,0.488166,0.428968
155.787994,0.486607,0.427886
155.809006,0.484564,0.428104
155.809006,0.482790,0.427685
155.830994,0.480743,0.427234
155.852005,0.478971,0.426801
155.852005,0.476923,0.426352
155.873001,0.474906,0.425164
155.873001,0.472861,0.425360
155.895004,0.470847,0.424800
155.895004,0.468829,0.423600
155.916000,0.466579,0.423797
155.916000,0.464318,0.423110
155.936996,0.462267,0.422669
155.936996,0.460249,0.421462
155.959000,0.457951,0.421530
155.959000,0.455906,0.421697
155.979996,0.453888,0.420485
155.979996,0.451779,0.420521
156.001007,0.449727,0.420097
156.001007,0.447683,0.420256
156.022995,0.445414,0.419510
156.044006,0.443558,0.419634
156.044006,0.441245,0.419115
156.065002,0.439239,0.418452
156.065002,0.437381,0.418565
156.087006,0.435112,0.417781
156.087006,0.433244,0.417343
156.108002,0.431419,0.416623
156.108002,0.429559,0.416717
156.128998,0.427291,0.415904
156.128998,0.425431,0.415987
156.151001,0.423606,0.415233
156.151001,0.421736,0.414797
156.171997,0.419912,0.414030
156.171997,0.418252,0.413220
156.192993,0.416380,0.412785
156.192993,0.414556,0.411998
156.214996,0.412844,0.411529
156.235992,0.411300,0.410841
156.235992,0.409585,0.410373
156.257004,0.408163,0.410490
156.257004,0.406291,0.410068
156.257004,0.404869,0.410180
156.279007,0.403433,0.409829
156.279007,0.402331,0.409183
156.300003,0.401058,0.409241
156.320999,0.399620,0.408889
156.320999,0.398484,0.409096
156.343002,0.397494,0.409255
156.343002,0.396358,0.409454
156.363998,0.395353,0.409168
156.363998,0.394182,0.410237
156.384995,0.393191,0.410384
156.384995,0.392488,0.410638
156.406998,0.391459,0.411657
156.427994,0.390327,0.411839
156.427994,0.389624,0.412084
156.427994,0.388594,0.413097
156.449005,0.387428,0.414153
156.449005,0.386725,0.414389
156.470993,0.385695,0.415399
156.470993,0.384665,0.416408
156.492004,0.383962,0.416635
156.513000,0.382785,0.417278
156.513000,0.381791,0.417391
156.535004,0.380760,0.418396
156.535004,0.379715,0.419005
156.556000,0.378555,0.420050
156.556000,0.377559,0.420153
156.576996,0.376515,0.420768
156.576996,0.375357,0.421810
156.598999,0.374313,0.422432
156.598999,0.373317,0.422528
156.619995,0.372272,0.423154
156.619995,0.371402,0.423928
156.641006,0.370371,0.424930
156.641006,0.369328,0.425565
156.662994,0.368284,0.426204
156.662994,0.367584,0.426396
156.684006,0.366540,0.427039
156.705002,0.365497,0.427685
156.705002,0.364785,0.427519
156.727005,0.364053,0.428623
156.727005,0.363010,0.429275
156.748001,0.362299,0.429110
156.748001,0.361556,0.429869
156.748001,0.360924,0.430592
156.768997,0.360226,0.430770
156.791000,0.359483,0.431532
156.791000,0.358774,0.431371
156.811996,0.358152,0.432434
156.811996,0.357712,0.433298
156.832993,0.356991,0.432807
156.832993,0.356389,0.432613
156.854996,0.355982,0.432553
156.854996,0.355379,0.432358
156.876007,0.354960,0.431975
156.897003,0.354356,0.431783
156.897003,0.353949,0.431726
156.919006,0.353647,0.431630
156.919006,0.353332,0.431215
156.919006,0.352655,0.430133
156.940002,0.352338,0.429721
156.940002,0.351933,0.429669
156.960999,0.351630,0.429574
156.983002,0.351358,0.428547
156.983002,0.351040,0.428139
157.003998,0.350939,0.428183
157.003998,0.350621,0.427778
157.024994,0.350621,0.427778
157.024994,0.350302,0.427375
157.046997,0.350333,0.426441
157.046997,0.349913,0.426087
157.067993,0.349913,0.426087
157.067993,0.349639,0.425061
157.089005,0.349623,0.424753
157.089005,0.349653,0.423820
157.110992,0.349637,0.423512
157.110992,0.349637,0.423512
157.132004,0.349650,0.422272
157.132004,0.349650,0.422272
157.153000,0.349967,0.421122
157.153000,0.350067,0.421069
157.175003,0.350080,0.419828
157.195999,0.350396,0.418678
157.195999,0.350700,0.418768
157.216995,0.350813,0.417472
157.216995,0.351117,0.417562
157.238998,0.351433,0.416411
157.238998,0.351433,0.416411
157.238998,0.351850,0.415202
157.259995,0.352154,0.415292
157.281006,0.352488,0.414455
157.281006,0.352518,0.413528
157.302994,0.352906,0.413244
157.302994,0.353210,0.413335
157.324005,0.353544,0.412500
157.324005,0.353932,0.412213
157.345001,0.354236,0.412304
157.345001,0.354539,0.412395
157.367004,0.354948,0.412426
157.388000,0.355535,0.412285
157.388000,0.355945,0.412315
157.408997,0.356258,0.411158
157.408997,0.356971,0.411279
157.408997,0.357577,0.411462
157.431000,0.357968,0.411162
157.431000,0.358682,0.411283
157.451996,0.359286,0.411465
157.473007,0.360000,0.411588
157.473007,0.360715,0.411712
157.494995,0.361731,0.411929
157.494995,0.362426,0.411711
157.516006,0.363442,0.411929
157.516006,0.364458,0.412147
157.537003,0.365474,0.412368
157.537003,0.366489,0.412590
157.559006,0.367503,0.412814
157.559006,0.368188,0.413856
157.580002,0.369203,0.414082
157.580002,0.370234,0.414675
157.600998,0.371545,0.415002
157.600998,0.372662,0.414810
157.623001,0.373675,0.415043
157.623001,0.374983,0.415372
157.643997,0.376089,0.416460
157.664993,0.377101,0.416697
157.664993,0.378534,0.416983
157.686996,0.379839,0.417320
157.686996,0.380979,0.417516
157.707993,0.382281,0.417857
157.707993,0.383715,0.418155
157.729004,0.385116,0.419349
157.729004,0.386827,0.419336
157.751007,0.388261,0.419639
157.751007,0.389695,0.419946
157.772003,0.391418,0.420354
157.772003,0.392820,0.421551
157.792999,0.394540,0.421964
157.792999,0.396260,0.422382
157.815002,0.397648,0.423136
157.815002,0.399512,0.423519
157.835999,0.401186,0.424358
157.856995,0.403019,0.425614
157.856995,0.404733,0.426034
157.878998,0.406879,0.426525
157.878998,0.408702,0.427311
157.878998,0.410412,0.427737
157.899994,0.412236,0.428510
157.899994,0.414348,0.429859
157.921005,0.416174,0.430616
157.942993,0.418039,0.431015
157.942993,0.420140,0.431853
157.964005,0.422004,0.432254
157.964005,0.423862,0.432143
157.985001,0.425695,0.433385
157.985001,0.427552,0.433266
158.007004,0.429685,0.433765
158.007004,0.431416,0.434357
158.028000,0.433280,0.434764
158.048996,0.435142,0.435176
158.048996,0.436999,0.435041
158.048996,0.438860,0.435456
158.070999,0.440456,0.435783
158.070999,0.442285,0.437016
158.091995,0.443881,0.437347
158.091995,0.445475,0.437109
158.113007,0.447042,0.438245
158.134995,0.448452,0.438589
158.134995,0.450020,0.439723
158.156006,0.451616,0.440060
158.156006,0.453022,0.440406
158.177002,0.454333,0.441448
158.177002,0.455707,0.442582
158.199005,0.457049,0.442835
158.199005,0.458168,0.443876
158.220001,0.459512,0.444132
158.220001,0.460659,0.444391
158.240997,0.461778,0.445428
158.240997,0.462924,0.445687
158.263000,0.464041,0.446720
158.263000,0.464938,0.446894
158.283997,0.466255,0.448550
158.283997,0.467400,0.448812
158.304993,0.468516,0.449840
158.326996,0.469659,0.450101
158.326996,0.470763,0.449649
158.348007,0.471905,0.449910
158.348007,0.473047,0.450173
158.369003,0.473946,0.450353
158.369003,0.475322,0.449873
158.369003,0.476464,0.449491
158.391006,0.477604,0.449758
158.391006,0.478714,0.449949
158.412003,0.479853,0.450218
158.432999,0.481017,0.449749
158.432999,0.482133,0.449284
158.455002,0.483270,0.449556
158.455002,0.484621,0.449839
158.475998,0.485522,0.450029
158.475998,0.486653,0.450978
158.496994,0.487771,0.451184
158.518997,0.488900,0.452143
158.518997,0.489801,0.452341
158.539993,0.490960,0.451906
158.539993,0.492080,0.452124
158.539993,0.492986,0.451638
158.561005,0.494116,0.451925
158.561005,0.495012,0.452820
158.582993,0.496135,0.453043
158.582993,0.497263,0.453334
158.604004,0.498164,0.453541
158.625000,0.499098,0.452347
158.625000,0.500225,0.452574
158.647003,0.501377,0.452174
158.647003,0.502284,0.451678
158.667999,0.503212,0.451199
158.667999,0.504113,0.451413
158.688995,0.505041,0.450941
158.688995,0.506179,0.450462
158.710999,0.507108,0.449997
158.710999,0.508037,0.449537
158.731995,0.508944,0.449037
158.731995,0.509663,0.447768
158.753006,0.510564,0.447990
158.753006,0.511494,0.447542
158.774994,0.512395,0.447768
158.774994,0.513110,0.447235
158.796005,0.513775,0.447442
158.817001,0.514712,0.446274
158.817001,0.515428,0.445751
158.839005,0.516366,0.444588
158.839005,0.516854,0.443309
158.860001,0.517573,0.442793
158.860001,0.518273,0.441615
158.860001,0.518962,0.441757
158.880997,0.519444,0.441226
158.903000,0.519933,0.439954
158.903000,0.520670,0.437960
158.923996,0.520983,0.435942
158.923996,0.521473,0.434674
158.945007,0.521964,0.433407
158.945007,0.522004,0.432017
158.966995,0.522495,0.430753
158.966995,0.522495,0.430753
158.988007,0.522778,0.429383
159.009003,0.523027,0.428104
159.009003,0.523311,0.426735
159.031006,0.523311,0.426735
159.031006,0.523352,0.425349
159.031006,0.523352,0.425349
159.052002,0.523180,0.424601
159.052002,0.522942,0.423839
159.072998,0.522942,0.423839
159.095001,0.522527,0.423074
159.095001,0.522531,0.422329
159.115997,0.522080,0.422203
159.115997,0.521666,0.421437
159.136993,0.521177,0.421952
159.136993,0.520725,0.421827
159.158997,0.520028,0.422431
159.158997,0.519540,0.422951
159.179993,0.519048,0.424213
159.179993,0.518525,0.425387
159.201004,0.517794,0.426642
159.201004,0.517269,0.428562
159.223007,0.516745,0.430488
159.223007,0.515988,0.431671
159.244003,0.515717,0.432317
159.244003,0.515197,0.434254
159.264999,0.514678,0.436197
159.287003,0.514195,0.436749
159.287003,0.513678,0.438700
159.307999,0.512957,0.439975
159.307999,0.512446,0.441204
159.328995,0.511961,0.442497
159.328995,0.511448,0.444463
159.350998,0.510730,0.445744
159.350998,0.510218,0.447716
159.371994,0.509502,0.449000
159.371994,0.508542,0.450879
159.393005,0.508060,0.452182
159.393005,0.507102,0.454070
159.414993,0.506170,0.455279
159.414993,0.505218,0.456462
159.436005,0.504034,0.458351
159.436005,0.503080,0.460265
159.457001,0.502127,0.462184
159.479004,0.501169,0.464817
159.479004,0.499964,0.468133
159.500000,0.499007,0.470771
159.500000,0.498059,0.472710
159.500000,0.497104,0.475354
159.520996,0.496139,0.478013
159.520996,0.494973,0.479941
159.542999,0.493801,0.481844
159.542999,0.492849,0.484500
159.563995,0.491688,0.486437
159.585007,0.490491,0.489769
159.585007,0.489526,0.493157
159.606995,0.488562,0.496549
159.606995,0.487151,0.499865
159.628006,0.486178,0.504000
159.628006,0.484984,0.507368
159.649002,0.484037,0.510035
159.671005,0.482644,0.512699
159.671005,0.481689,0.516111
159.671005,0.480286,0.519447
159.692001,0.479093,0.522836
159.692001,0.477900,0.526230
159.712997,0.476498,0.529571
159.712997,0.475323,0.532323
159.735001,0.473924,0.535669
159.755997,0.472754,0.537671
159.755997,0.471356,0.541016
159.776993,0.470182,0.543790
159.776993,0.468786,0.547134
159.798996,0.467615,0.549147
159.798996,0.466421,0.551785
159.820007,0.464775,0.555117
159.820007,0.463602,0.557132
159.841003,0.462206,0.560463
159.841003,0.461006,0.563084
159.863007,0.459577,0.565099
159.863007,0.458180,0.568416
159.884003,0.457003,0.570428
159.884003,0.455541,0.573037
159.904999,0.454170,0.574959
159.904999,0.452990,0.576968
159.927002,0.451809,0.578977
159.947998,0.450655,0.579612
159.947998,0.449213,0.581630
159.968994,0.448033,0.584439
159.968994,0.446849,0.586448
159.990997,0.445669,0.589257
159.990997,0.444484,0.591264
159.990997,0.443559,0.592450
160.011993,0.442407,0.593900
160.011993,0.441251,0.594547
160.033005,0.440245,0.596653
160.054993,0.439086,0.597302
160.054993,0.437898,0.599302
160.076004,0.436745,0.600765
160.076004,0.435557,0.602764
160.097000,0.434543,0.604869
160.097000,0.433383,0.605521
160.119003,0.432192,0.607513
160.119003,0.431000,0.609501
160.139999,0.430025,0.611906
160.160995,0.428840,0.614712
160.160995,0.427816,0.616814
160.160995,0.426629,0.619614
160.182999,0.425611,0.622534
160.182999,0.424422,0.625328
160.203995,0.423401,0.628244
160.203995,0.422201,0.630206
160.225006,0.421222,0.632634
160.246994,0.420031,0.635413
160.246994,0.418556,0.638218
160.268005,0.417468,0.640771
160.268005,0.415988,0.643562
160.289001,0.414941,0.645632
160.289001,0.413456,0.648412
160.311005,0.412416,0.651297
160.311005,0.410926,0.654064
160.332001,0.409827,0.657384
160.332001,0.408779,0.660251
160.352997,0.407224,0.663426
160.352997,0.405889,0.667135
160.375000,0.404773,0.670405
160.375000,0.403429,0.674096
160.395996,0.401915,0.676792
160.395996,0.400848,0.679609
160.417007,0.399478,0.682457
160.438995,0.397955,0.685121
160.438995,0.396523,0.689164
160.460007,0.395137,0.691981
160.460007,0.393676,0.695173
160.481003,0.392293,0.698780
160.481003,0.390747,0.701372
160.481003,0.389029,0.704179
160.503006,0.387540,0.707299
160.524002,0.386056,0.709486
160.524002,0.384316,0.712254
160.544998,0.382503,0.716162
160.544998,0.380611,0.718691
160.567001,0.378858,0.722212
160.567001,0.377036,0.724376
160.587997,0.375268,0.727865
160.587997,0.373576,0.731021
160.608994,0.371753,0.733952
160.630997,0.369709,0.736322
160.630997,0.367894,0.738948
160.651993,0.366492,0.741236
160.651993,0.364636,0.743322
160.651993,0.362810,0.746691
160.673004,0.361078,0.749474
160.673004,0.359654,0.751717
160.695007,0.357789,0.754238
160.716003,0.356365,0.757242
160.716003,0.355045,0.760466
160.737000,0.353506,0.763687
160.737000,0.352056,0.766347
160.759003,0.350713,0.769525
160.759003,0.349140,0.771908
160.779999,0.347764,0.773522
160.779999,0.346628,0.776100
160.800995,0.345498,0.778196
160.800995,0.343996,0.780759
160.822998,0.342963,0.783836
160.822998,0.341798,0.786349
160.843994,0.340620,0.788095
160.843994,0.339921,0.790367
160.865005,0.338731,0.792091
160.865005,0.338026,0.794344
160.886993,0.336950,0.795858
160.908005,0.336201,0.798537
160.908005,0.335480,0.800027
160.929001,0.334762,0.802245
160.929001,0.334036,0.803723
160.951004,0.333308,0.805196
160.951004,0.332947,0.806656
160.972000,0.332673,0.808373
160.972000,0.332306,0.809103
160.972000,0.331943,0.810552
160.992996,0.332035,0.811533
161.014999,0.331671,0.812974
161.014999,0.331676,0.813688
161.035995,0.332143,0.814654
161.035995,0.332149,0.815365
161.057007,0.332619,0.816327
161.057007,0.333002,0.817021
161.078995,0.333468,0.817273
161.100006,0.334311,0.817508
161.100006,0.335063,0.817476
161.121002,0.335907,0.817706
161.121002,0.336658,0.817669
161.121002,0.337879,0.817872
161.143005,0.339089,0.817367
161.143005,0.340310,0.817559
161.164001,0.341418,0.816780
161.184998,0.342981,0.815527
161.184998,0.344184,0.814999
161.207001,0.345987,0.812730
161.207001,0.347534,0.811446
161.227997,0.349077,0.810152
161.227997,0.350981,0.808810
161.248993,0.352381,0.807715
161.248993,0.354272,0.806353
161.270996,0.356156,0.804977
161.292007,0.358032,0.803589
161.292007,0.360022,0.802440
161.292007,0.362115,0.801223
161.313004,0.364121,0.800762
161.313004,0.366453,0.799520
161.335007,0.368807,0.798971
161.335007,0.370653,0.798021
161.356003,0.373349,0.797381
161.356003,0.375656,0.796070
161.376999,0.378012,0.795984
161.399002,0.380570,0.795574
161.399002,0.382925,0.795466
161.419998,0.385623,0.795273
161.419998,0.388474,0.795304
161.440994,0.391287,0.794758
161.440994,0.393980,0.794511
161.462997,0.397214,0.795087
161.462997,0.400069,0.795038
161.483994,0.403260,0.794874
161.483994,0.406449,0.794687
161.505005,0.409305,0.794578
161.505005,0.412818,0.794239
161.526993,0.416180,0.794205
161.526993,0.419544,0.794142
161.548004,0.423288,0.794594
161.548004,0.426594,0.793814
161.569000,0.430368,0.794166
161.591003,0.433983,0.793216
161.591003,0.437547,0.793228
161.612000,0.441666,0.792297
161.612000,0.445368,0.791913
161.612000,0.449686,0.791126
161.632996,0.453475,0.790243
161.632996,0.457610,0.789233
161.654999,0.461537,0.787884
161.675995,0.465728,0.787455
161.675995,0.470160,0.786093
161.697006,0.474495,0.785208
161.697006,0.478909,0.783792
161.718994,0.483388,0.782929
161.718994,0.487693,0.781985
161.740005,0.491974,0.781374
161.740005,0.496858,0.781313
161.761002,0.501480,0.781048
161.783005,0.506021,0.780551
161.783005,0.510546,0.779698
161.783005,0.515399,0.778398
161.804001,0.520205,0.778001
161.804001,0.524971,0.777247
161.824997,0.529685,0.776308
161.824997,0.534713,0.775671
161.847000,0.539416,0.774723
161.867996,0.544204,0.774256
161.867996,0.548952,0.772653
161.889008,0.554075,0.771626
161.889008,0.558941,0.769771
161.910995,0.563747,0.768430
161.910995,0.568589,0.768196
161.932007,0.573168,0.767148
161.932007,0.577767,0.765980
161.953003,0.582369,0.764193
161.953003,0.586682,0.762191
161.975006,0.590930,0.759064
161.975006,0.595571,0.756400
161.996002,0.599750,0.753993
161.996002,0.603949,0.750851
162.016998,0.608033,0.749035
162.016998,0.612140,0.746457
162.039001,0.616495,0.745486
162.059998,0.620635,0.744009
162.059998,0.624982,0.742013
162.080994,0.629337,0.740259
162.080994,0.633664,0.738222
162.102997,0.637960,0.736964
162.102997,0.642182,0.734606
162.102997,0.646393,0.732247
162.123993,0.650486,0.730095
162.145004,0.654758,0.727990
162.145004,0.658835,0.725835
162.167007,0.662972,0.724756
162.167007,0.667089,0.724515
162.188004,0.671209,0.723847
162.188004,0.675574,0.723833
162.209000,0.679345,0.723957
162.209000,0.683300,0.724122
162.231003,0.687408,0.724251
162.251999,0.691451,0.724569
162.251999,0.695493,0.725728
162.272995,0.699200,0.726006
162.272995,0.703250,0.726279
162.272995,0.706912,0.725881
162.294998,0.710617,0.725260
162.294998,0.713889,0.724539
162.315994,0.717464,0.723164
162.337006,0.720723,0.721593
162.337006,0.724295,0.721098
162.358994,0.727602,0.720676
162.358994,0.730821,0.719329
162.380005,0.734452,0.719092
162.380005,0.737672,0.718631
162.401001,0.740889,0.718182
162.401001,0.744096,0.717948
162.423004,0.747314,0.718603
162.423004,0.750524,0.718393
162.444000,0.753744,0.719073
162.444000,0.757034,0.718864
162.464996,0.760253,0.719558
162.464996,0.763478,0.719590
162.487000,0.766778,0.720256
162.487000,0.770087,0.720244
162.507996,0.773292,0.720093
162.529007,0.776602,0.720077
162.529007,0.779585,0.720965
162.550995,0.782899,0.720939
162.550995,0.785966,0.721713
162.572006,0.788937,0.721714
162.572006,0.792055,0.722655
162.593002,0.795049,0.723503
162.593002,0.798102,0.723348
162.593002,0.800789,0.723576
162.615005,0.803499,0.723455
162.636002,0.806573,0.724112
162.636002,0.809345,0.724157
162.656998,0.811712,0.724058
162.656998,0.814488,0.724077
162.679001,0.817268,0.723696
162.679001,0.819707,0.723753
162.699997,0.822593,0.724364
162.720993,0.825030,0.723988
162.720993,0.827472,0.723999
162.742996,0.829882,0.723159
162.742996,0.832235,0.722962
162.764008,0.834715,0.721870
162.764008,0.836693,0.720907
162.764008,0.839095,0.720033
162.785004,0.841358,0.718133
162.785004,0.843755,0.717248
162.807007,0.846111,0.715520
162.828003,0.848357,0.713610
162.828003,0.850773,0.711590
162.848999,0.853401,0.708905
162.848999,0.855740,0.707153
162.871002,0.858436,0.706132
162.871002,0.861205,0.704435
162.891998,0.863471,0.702994
162.891998,0.866112,0.701132
162.912994,0.868832,0.698596
162.912994,0.871518,0.696388
162.934998,0.874228,0.693838
162.934998,0.877031,0.691757
162.955994,0.879815,0.690854
162.955994,0.882914,0.688631
162.977005,0.885645,0.686887
162.977005,0.888517,0.685282
162.998993,0.891241,0.683535
163.020004,0.893910,0.682197
163.020004,0.896818,0.681411
163.041000,0.899231,0.679790
163.041000,0.902136,0.678998
163.063004,0.904992,0.678637
163.063004,0.907847,0.678286
163.084000,0.910409,0.678063
163.084000,0.913217,0.678189
163.104996,0.915937,0.676753
163.104996,0.918702,0.674883
163.126999,0.921423,0.672249
163.126999,0.924226,0.669945
163.147995,0.927160,0.668267
163.147995,0.930135,0.667395
163.169006,0.932887,0.665647
163.169006,0.935899,0.665591
163.190994,0.938871,0.663484
163.212006,0.941646,0.663033
163.212006,0.944694,0.662468
163.233002,0.947429,0.662560
163.233002,0.950245,0.662863
163.233002,0.953064,0.664459
163.255005,0.956125,0.665589
163.255005,0.958643,0.666546
163.276001,0.961507,0.667535
163.296997,0.964067,0.667904
163.296997,0.967142,0.668959
163.319000,0.969706,0.669303
163.319000,0.972824,0.669712
163.339996,0.975943,0.670081
163.339996,0.978980,0.670332
163.360992,0.982050,0.669946
163.360992,0.984924,0.670351
163.382996,0.987909,0.669864
163.404007,0.991206,0.669489
163.404007,0.994187,0.668982
163.404007,0.997665,0.667756
163.425003,0.000353,0.666731
163.425003,0.003512,0.665651
163.447006,0.006455,0.663824
163.447006,0.009139,0.662822
163.468002,0.011822,0.661831
163.488998,0.014503,0.660851
163.488998,0.017183,0.659883
163.511002,0.019860,0.658927
163.511002,0.022294,0.658835
163.531998,0.025197,0.658694
163.531998,0.027403,0.657857
163.552994,0.029889,0.658418
163.552994,0.032607,0.657744
163.574997,0.035323,0.657454
163.574997,0.037783,0.656733
163.595993,0.040530,0.657403
163.595993,0.043280,0.658082
163.617004,0.046055,0.658018
163.617004,0.049024,0.657812
163.639008,0.052069,0.657808
163.639008,0.055085,0.658132
163.660004,0.058593,0.658028
163.681000,0.061896,0.657598
163.681000,0.065403,0.657467
163.703003,0.068875,0.656036
163.703003,0.072395,0.655095
163.723999,0.075691,0.653799
163.723999,0.079140,0.653167
163.723999,0.082585,0.652546
163.744995,0.086040,0.651116
163.766998,0.089281,0.649382
163.766998,0.092571,0.648108
163.787994,0.095810,0.646401
163.787994,0.099037,0.645558
163.809006,0.101881,0.644423
163.809006,0.105153,0.644041
163.830994,0.108270,0.644669
163.830994,0.111151,0.644822
163.852005,0.114331,0.645006
163.873001,0.117653,0.644180
163.873001,0.120702,0.644495
163.895004,0.123587,0.643768
163.895004,0.126772,0.643057
163.895004,0.129522,0.643339
163.916000,0.132698,0.643500
163.916000,0.136066,0.643818
163.936996,0.139239,0.643972
163.959000,0.142712,0.644898
163.959000,0.146140,0.645481
163.979996,0.149674,0.644992
163.979996,0.153469,0.645802
164.001007,0.157270,0.645650
164.001007,0.160794,0.645950
164.022995,0.164543,0.646365
164.022995,0.168239,0.645599
164.044006,0.171859,0.645884
164.044006,0.175187,0.645809
164.065002,0.178783,0.645531
164.065002,0.182042,0.646563
164.087006,0.185247,0.646499
164.087006,0.188454,0.646466
164.108002,0.191388,0.646644
164.108002,0.194590,0.645731
164.128998,0.197516,0.645009
164.128998,0.200440,0.644297
164.151001,0.203695,0.644794
164.171997,0.206665,0.644219
164.171997,0.209597,0.644722
164.192993,0.212857,0.645199
164.192993,0.216169,0.645763
164.214996,0.219105,0.646240
164.214996,0.222748,0.646732
164.214996,0.226051,0.648308
164.235992,0.229699,0.648734
164.257004,0.232965,0.649120
164.257004,0.236547,0.649603
164.279007,0.240148,0.651013
164.279007,0.244021,0.651267
164.300003,0.247559,0.651715
164.300003,0.251099,0.652169
164.320999,0.254640,0.652629
164.320999,0.258511,0.653046
164.343002,0.261983,0.652619
164.363998,0.265470,0.652363
164.363998,0.268940,0.651988
164.384995,0.272382,0.651857
164.384995,0.275897,0.651464
164.384995,0.279700,0.650325
164.406998,0.283259,0.651032
164.406998,0.286801,0.650809
164.427994,0.290384,0.650731
164.449005,0.294270,0.651394
164.449005,0.297928,0.652107
164.470993,0.301589,0.652800
164.470993,0.305601,0.654332
164.492004,0.309592,0.654911
164.492004,0.313724,0.656325
164.513000,0.317718,0.656833
164.513000,0.321784,0.657450
164.535004,0.325485,0.658344
164.535004,0.329481,0.658249
164.556000,0.333508,0.659053
164.556000,0.337186,0.659036
164.576996,0.341212,0.659828
164.576996,0.345336,0.660743
164.598999,0.349013,0.660719
164.598999,0.352795,0.660828
164.619995,0.356859,0.659962
164.641006,0.360428,0.657313
164.641006,0.364186,0.655348
164.662994,0.367785,0.652381
164.662994,0.371152,0.649988
164.684006,0.374695,0.647405
164.684006,0.378058,0.645058
164.705002,0.381790,0.643120
164.705002,0.385280,0.642177
164.727005,0.388670,0.640760
164.727005,0.392201,0.639470
164.748001,0.395618,0.638948
164.748001,0.399180,0.638544
164.768997,0.402741,0.638155
164.768997,0.406300,0.639068
164.791000,0.409605,0.639637
164.791000,0.413127,0.641054
164.811996,0.416598,0.641752
164.832993,0.419838,0.642023
164.832993,0.423562,0.643139
164.854996,0.426835,0.642963
164.854996,0.430316,0.643701
164.854996,0.433766,0.643648
164.876007,0.437217,0.643609
164.876007,0.440939,0.643481
164.897003,0.444613,0.644339
164.919006,0.448364,0.643672
164.919006,0.451970,0.643003
164.940002,0.455908,0.642434
164.940002,0.459589,0.643293
164.960999,0.463407,0.644094
164.960999,0.467309,0.644122
164.983002,0.471234,0.644474
164.983002,0.475342,0.644592
165.003998,0.479439,0.643382
165.024994,0.483547,0.643074
165.024994,0.487397,0.641978
165.024994,0.491482,0.640777
165.046997,0.495061,0.640473
165.046997,0.498862,0.638738
165.067993,0.502702,0.637883
165.067993,0.506548,0.638193
165.089005,0.510469,0.638653
165.110992,0.514353,0.638450
165.110992,0.518472,0.639465
165.132004,0.522356,0.639246
165.132004,0.526050,0.638412
165.153000,0.529869,0.638305
165.153000,0.533749,0.638076
165.175003,0.537618,0.638189
165.175003,0.541430,0.638143
165.195999,0.545304,0.638305
165.195999,0.549181,0.638493
165.216995,0.553025,0.639072
165.216995,0.556693,0.640204
165.238998,0.560572,0.640462
165.238998,0.564472,0.642059
165.259995,0.568172,0.642485
165.259995,0.572348,0.642064
165.281006,0.576096,0.643021
165.302994,0.579822,0.642685
165.302994,0.584058,0.641936
165.324005,0.588111,0.642120
165.324005,0.591849,0.640956
165.345001,0.595731,0.642096
165.345001,0.599447,0.641782
165.345001,0.603291,0.642509
165.367004,0.606858,0.642355
165.388000,0.610424,0.642214
165.388000,0.613989,0.642085
165.408997,0.617418,0.642101
165.408997,0.621025,0.642372
165.431000,0.624442,0.643282
165.431000,0.627875,0.643333
165.451996,0.630868,0.644372
165.451996,0.633996,0.644414
165.473007,0.637067,0.644042
165.494995,0.640251,0.643528
165.494995,0.643679,0.643484
165.516006,0.646739,0.643976
165.516006,0.650172,0.643886
165.516006,0.653704,0.643626
165.537003,0.657087,0.643202
165.537003,0.660462,0.643677
165.559006,0.663693,0.644947
165.559006,0.666697,0.646071
165.580002,0.669845,0.645992
165.600998,0.672717,0.647081
165.600998,0.675541,0.647986
165.623001,0.678044,0.648911
165.623001,0.680555,0.648959
165.643997,0.683447,0.648355
165.643997,0.685968,0.647557
165.664993,0.688583,0.647163
165.664993,0.691099,0.645815
165.686996,0.693712,0.645450
165.686996,0.696314,0.645394
165.707993,0.698923,0.645045
165.707993,0.701526,0.644990
165.729004,0.704503,0.645095
165.729004,0.707108,0.645024
165.751007,0.710130,0.644954
165.772003,0.713059,0.644888
165.772003,0.716037,0.644918
165.792999,0.718967,0.644832
165.792999,0.721812,0.645737
165.815002,0.724689,0.646516
165.815002,0.727849,0.646310
165.835999,0.730653,0.647202
165.835999,0.733509,0.648173
165.835999,0.736388,0.648069
165.856995,0.739581,0.648132
165.878998,0.742497,0.648216
165.878998,0.745698,0.648145
165.899994,0.748612,0.648223
165.899994,0.751477,0.648298
165.921005,0.754393,0.647428
165.921005,0.757307,0.647495
165.942993,0.760180,0.646784
165.942993,0.762765,0.645901
165.964005,0.765675,0.645962
165.985001,0.768602,0.645213
165.985001,0.771180,0.644320
166.007004,0.774081,0.642477
166.007004,0.776630,0.641796
166.007004,0.779556,0.641038
166.028000,0.782075,0.640240
166.028000,0.784671,0.639489
166.048996,0.787221,0.638848
166.070999,0.790143,0.638096
166.070999,0.792735,0.636405
166.091995,0.795326,0.634714
166.091995,0.797871,0.633165
166.113007,0.800461,0.632429
166.113007,0.803046,0.630749
166.134995,0.805625,0.628128
166.134995,0.808204,0.626455
166.156006,0.810780,0.624786
166.156006,0.813092,0.622309
166.177002,0.815700,0.619511
166.177002,0.818263,0.616908
166.199005,0.820930,0.614215
166.199005,0.823485,0.611621
166.220001,0.826148,0.608918
166.220001,0.828778,0.607386
166.240997,0.831403,0.604920
166.263000,0.834344,0.603393
166.263000,0.836970,0.601887
166.283997,0.839901,0.599443
166.283997,0.842523,0.597959
166.304993,0.845578,0.596285
166.304993,0.848601,0.594899
166.326996,0.851559,0.594055
166.326996,0.854579,0.592681
166.348007,0.857738,0.592012
166.348007,0.860798,0.592161
166.369003,0.864128,0.592618
166.369003,0.867599,0.592814
166.391006,0.870742,0.593369
166.391006,0.874186,0.593904
166.412003,0.877660,0.594056
166.412003,0.881133,0.594187
166.432999,0.884735,0.594385
166.455002,0.888311,0.594971
166.455002,0.891791,0.595926
166.475998,0.895380,0.597366
166.475998,0.899147,0.598443
166.475998,0.903059,0.599355
166.496994,0.906822,0.599498
166.496994,0.910732,0.600335
166.518997,0.914512,0.599087
166.539993,0.918559,0.599090
166.539993,0.922337,0.597772
166.561005,0.926086,0.596933
166.561005,0.930006,0.596158
166.582993,0.933778,0.594755
166.582993,0.937520,0.593862
166.604004,0.941464,0.592478
166.604004,0.945197,0.591552
166.625000,0.948872,0.590168
166.647003,0.952786,0.589279
166.647003,0.956440,0.588436
166.647003,0.959897,0.587520
166.667999,0.963547,0.586660
166.667999,0.966926,0.586469
166.688995,0.970083,0.585472
166.688995,0.973446,0.583174
166.710999,0.976356,0.582278
166.710999,0.979508,0.581351
166.731995,0.982139,0.580479
166.753006,0.985048,0.579667
166.753006,0.987486,0.578147
166.774994,0.990159,0.577438
166.774994,0.992631,0.576013
166.796005,0.995304,0.575344
166.796005,0.997559,0.574697
166.817001,0.000022,0.574703
166.817001,0.002504,0.574124
166.839005,0.004759,0.573489
166.839005,0.007028,0.573539
166.860001,0.009529,0.573637
166.860001,0.011798,0.573672
166.880997,0.014066,0.573699
166.880997,0.016569,0.575166
166.903000,0.018836,0.576567
166.923996,0.021343,0.578012
166.923996,0.023642,0.579503
166.945007,0.025891,0.580235
166.945007,0.028403,0.581653
166.966995,0.030896,0.582433
166.966995,0.033149,0.583419
166.966995,0.035644,0.584210
166.988007,0.038118,0.584393
166.988007,0.040414,0.585251
167.009003,0.042887,0.585450
167.031006,0.045205,0.585528
167.031006,0.047677,0.585738
167.052002,0.049996,0.585808
167.052002,0.052504,0.585802
167.072998,0.054802,0.585288
167.072998,0.057554,0.586128
167.095001,0.059875,0.586169
167.095001,0.062620,0.585638
167.115997,0.065210,0.585716
167.136993,0.067954,0.585181
167.136993,0.071029,0.584914
167.136993,0.074065,0.584925
167.158997,0.077101,0.584921
167.158997,0.080413,0.584943
167.179993,0.083901,0.584023
167.179993,0.087469,0.583562
167.201004,0.090924,0.582126
167.223007,0.094505,0.580788
167.223007,0.098222,0.580239
167.244003,0.102111,0.579355
167.244003,0.106408,0.577963
167.264999,0.110985,0.577474
167.264999,0.115254,0.575650
167.287003,0.119834,0.574254
167.287003,0.124684,0.572486
167.307999,0.129115,0.570774
167.307999,0.133553,0.568150
167.328995,0.137990,0.565529
167.328995,0.142418,0.563848
167.350998,0.146843,0.562186
167.350998,0.151165,0.560603
167.371994,0.155488,0.559038
167.371994,0.159503,0.557480
167.393005,0.163823,0.555960
167.414993,0.167745,0.555462
167.414993,0.171651,0.554752
167.436005,0.175257,0.555275
167.436005,0.179179,0.554882
167.457001,0.182712,0.555525
167.457001,0.186328,0.556346
167.457001,0.190176,0.557066
167.479004,0.194060,0.558168
167.500000,0.197613,0.559077
167.500000,0.201504,0.559186
167.520996,0.205350,0.559335
167.520996,0.208925,0.559395
167.542999,0.212776,0.559511
167.542999,0.216668,0.558567
167.563995,0.220520,0.558647
167.563995,0.224397,0.556813
167.585007,0.228251,0.555856
167.606995,0.232421,0.555877
167.606995,0.236287,0.554928
167.628006,0.240103,0.554921
167.628006,0.244260,0.554943
167.628006,0.248081,0.554941
167.649002,0.251902,0.553954
167.649002,0.256042,0.553969
167.671005,0.259861,0.553991
167.692001,0.263660,0.555055
167.692001,0.267472,0.555214
167.712997,0.271304,0.555338
167.712997,0.275119,0.556538
167.735001,0.279272,0.556690
167.735001,0.283105,0.557834
167.755997,0.286973,0.558056
167.755997,0.291123,0.558225
167.776993,0.294995,0.559442
167.776993,0.298889,0.559531
167.798996,0.302785,0.560580
167.798996,0.306663,0.561782
167.820007,0.310245,0.562806
167.820007,0.314104,0.565163
167.841003,0.317753,0.566227
167.841003,0.321003,0.567433
167.863007,0.324634,0.567734
167.884003,0.328600,0.567786
167.884003,0.332174,0.567766
167.904999,0.336216,0.566890
167.904999,0.340173,0.565936
167.927002,0.344146,0.564680
167.927002,0.348494,0.563730
167.947998,0.352537,0.562785
167.947998,0.357296,0.562776
167.947998,0.361729,0.562174
167.968994,0.366780,0.561182
167.990997,0.372213,0.559655
167.990997,0.377774,0.559115
168.011993,0.384027,0.558088
168.011993,0.390014,0.557618
168.033005,0.396676,0.557152
168.033005,0.403066,0.556347
168.054993,0.409868,0.556112
168.076004,0.416383,0.555139
168.076004,0.423053,0.553488
168.097000,0.429307,0.552253
168.097000,0.435445,0.551719
168.097000,0.441608,0.551564
168.119003,0.447330,0.552242
168.119003,0.453238,0.553818
168.139999,0.458892,0.555431
168.160995,0.464098,0.557022
168.160995,0.469524,0.558063
168.182999,0.474502,0.559057
168.182999,0.479486,0.560790
168.203995,0.484437,0.561845
168.203995,0.489197,0.562159
168.225006,0.493955,0.562446
168.225006,0.498511,0.562743
168.246994,0.503057,0.562281
168.268005,0.507613,0.562457
168.268005,0.511924,0.561258
168.268005,0.516015,0.559253
168.289001,0.519871,0.557993
168.289001,0.523996,0.555258
168.311005,0.527849,0.553952
168.311005,0.531723,0.552493
168.332001,0.535579,0.551766
168.332001,0.539244,0.550263
168.352997,0.542896,0.549510
168.375000,0.546369,0.549361
168.375000,0.549574,0.548556
168.395996,0.552790,0.548308
168.395996,0.555538,0.548284
168.417007,0.558555,0.549660
168.417007,0.561022,0.551241
168.438995,0.563598,0.552623
168.438995,0.566329,0.554238
168.460007,0.568885,0.555910
168.460007,0.571157,0.557034
168.481003,0.573264,0.559593
168.481003,0.575534,0.560755
168.503006,0.577636,0.561988
168.503006,0.579903,0.563188
168.524002,0.582151,0.563910
168.524002,0.584266,0.564347
168.544998,0.586819,0.564785
168.567001,0.588936,0.565249
168.567001,0.591485,0.564371
168.587997,0.594036,0.564851
168.587997,0.596435,0.564060
168.587997,0.598999,0.563690
168.608994,0.601131,0.563336
168.608994,0.603693,0.562978
168.630997,0.606124,0.561786
168.651993,0.608253,0.560127
168.651993,0.610410,0.558004
168.673004,0.612576,0.554974
168.673004,0.614435,0.551489
168.695007,0.615900,0.545291
168.695007,0.617652,0.537791
168.716003,0.619117,0.529333
168.716003,0.620281,0.520445
168.737000,0.621329,0.509336
168.759003,0.622504,0.498756
168.759003,0.623578,0.486881
168.759003,0.624253,0.475911
168.779999,0.625100,0.464238
168.779999,0.625838,0.454789
168.800995,0.626587,0.445748
168.800995,0.627389,0.435455
168.822998,0.628192,0.426495
168.843994,0.629328,0.415768
168.843994,0.630196,0.404184
168.865005,0.631281,0.391670
168.865005,0.632421,0.381846
168.886993,0.633529,0.374217
168.886993,0.634600,0.367857
168.908005,0.635323,0.361847
168.908005,0.636359,0.354087
168.929001,0.637088,0.346365
168.929001,0.638498,0.337493
168.951004,0.639802,0.331914
168.951004,0.641224,0.328269
168.972000,0.642965,0.323764
168.972000,0.644289,0.319105
168.992996,0.645615,0.312732
168.992996,0.647015,0.305256
169.014999,0.648421,0.296986
169.035995,0.650220,0.288056
169.035995,0.651723,0.279234
169.057007,0.653609,0.272623
169.057007,0.655679,0.267377
169.078995,0.657689,0.265315
169.078995,0.659367,0.263261
169.078995,0.661570,0.261205
169.100006,0.664030,0.260581
169.121002,0.666582,0.260203
169.121002,0.669454,0.264410
169.143005,0.672354,0.272661
169.143005,0.674676,0.285643
169.164001,0.677284,0.299708
169.164001,0.679501,0.315732
169.184998,0.682091,0.330025
169.184998,0.684124,0.345554
169.207001,0.685761,0.362315
169.227997,0.687754,0.380033
169.227997,0.689370,0.398974
169.248993,0.690940,0.417929
169.248993,0.692588,0.434865
169.248993,0.694208,0.449994
169.270996,0.695838,0.466119
169.270996,0.697149,0.481174
169.292007,0.698162,0.497160
169.313004,0.699209,0.512964
169.313004,0.700232,0.528745
169.335007,0.701069,0.541454
169.335007,0.701805,0.553886
169.356003,0.702338,0.564384
169.356003,0.703217,0.572792
169.376999,0.703490,0.580097
169.376999,0.703746,0.587231
169.399002,0.703976,0.593458
169.399002,0.704291,0.597656
169.419998,0.704196,0.602710
169.419998,0.703844,0.606651
169.440994,0.703766,0.610731
169.440994,0.703736,0.614702
169.462997,0.703660,0.618772
169.462997,0.703932,0.621678
169.483994,0.704260,0.623770
169.505005,0.704889,0.624817
169.505005,0.705211,0.624865
169.526993,0.706226,0.624890
169.526993,0.707154,0.624897
169.548004,0.708490,0.624968
169.548004,0.710066,0.625072
169.569000,0.711724,0.625182
169.569000,0.713963,0.624193
169.569000,0.716564,0.623368
169.591003,0.719449,0.622486
169.612000,0.723318,0.620787
169.612000,0.727496,0.620095
169.632996,0.732335,0.618528
169.632996,0.737494,0.616999
169.654999,0.743371,0.615588
169.654999,0.749856,0.613297
169.675995,0.757308,0.611028
169.697006,0.765083,0.608817
169.697006,0.773495,0.606566
169.718994,0.781915,0.604337
169.718994,0.790711,0.602987
169.718994,0.800467,0.601757
169.740005,0.810644,0.602531
169.740005,0.820786,0.602427
169.761002,0.830789,0.602225
169.761002,0.840446,0.601254
169.783005,0.849817,0.599967
169.804001,0.858952,0.596882
169.804001,0.867476,0.594725
169.824997,0.875642,0.591135
169.824997,0.882935,0.587289
169.847000,0.889875,0.584335
169.847000,0.895812,0.582366
169.867996,0.901465,0.581395
169.889008,0.906837,0.581399
169.889008,0.911955,0.581016
169.889008,0.916613,0.581955
169.910995,0.920984,0.582119
169.910995,0.925101,0.581015
169.932007,0.928952,0.580814
169.932007,0.932661,0.580038
169.953003,0.936372,0.580106
169.953003,0.939807,0.579385
169.975006,0.943010,0.578954
169.996002,0.945997,0.578195
169.996002,0.948940,0.577785
170.016998,0.951692,0.576494
170.016998,0.954448,0.576002
170.039001,0.957229,0.574914
170.039001,0.960033,0.573209
170.059998,0.962814,0.572861
170.059998,0.965786,0.571794
170.080994,0.968338,0.570799
170.080994,0.971311,0.569689
170.102997,0.974076,0.568494
170.102997,0.977518,0.566755
170.123993,0.980726,0.565570
170.123993,0.983912,0.565195
170.145004,0.987327,0.564038
170.145004,0.990720,0.563542
170.167007,0.994101,0.563135
170.188004,0.997492,0.562641
170.188004,0.001104,0.562207
170.209000,0.004727,0.560373
170.209000,0.008089,0.560001
170.209000,0.011719,0.558860
170.231003,0.015299,0.558504
170.231003,0.019141,0.558158
170.251999,0.023224,0.557870
170.272995,0.027050,0.556245
170.272995,0.030881,0.555290
170.294998,0.034490,0.555152
170.294998,0.038370,0.554328
170.315994,0.042184,0.554835
170.315994,0.045589,0.556201
170.337006,0.049177,0.556985
170.337006,0.052604,0.557614
170.358994,0.056196,0.559044
170.380005,0.059606,0.558592
170.380005,0.063290,0.558809
170.380005,0.066723,0.557623
170.401001,0.069984,0.556501
170.401001,0.073176,0.555011
170.423004,0.076719,0.554537
170.423004,0.080135,0.554850
170.444000,0.083393,0.555716
170.464996,0.087101,0.555296
170.464996,0.090327,0.556587
170.487000,0.093423,0.557072
170.487000,0.096670,0.557567
170.507996,0.099744,0.558999
170.507996,0.103274,0.559642
170.529007,0.106383,0.560700
170.529007,0.109884,0.562292
170.550995,0.112957,0.563870
170.550995,0.115903,0.563803
170.572006,0.118701,0.564080
170.572006,0.121397,0.563526
170.593002,0.124369,0.564395
170.593002,0.127037,0.564824
170.615005,0.129684,0.566581
170.615005,0.132095,0.566437
170.636002,0.134357,0.567266
170.656998,0.136468,0.567064
170.656998,0.138763,0.567015
170.679001,0.140804,0.566294
170.679001,0.142812,0.566504
170.699997,0.144820,0.566720
170.699997,0.146538,0.567160
170.699997,0.148545,0.567383
170.720993,0.150597,0.566985
170.742996,0.152267,0.565273
170.742996,0.154307,0.564565
170.764008,0.156346,0.563859
170.764008,0.158702,0.563541
170.785004,0.160751,0.563114
170.785004,0.162787,0.562406
170.807007,0.165109,0.563015
170.807007,0.167039,0.563559
170.828003,0.168733,0.563709
170.848999,0.170652,0.564002
170.848999,0.172250,0.563961
170.871002,0.174172,0.564275
170.871002,0.175817,0.563538
170.871002,0.177523,0.562536
170.891998,0.178889,0.560751
170.891998,0.180242,0.558749
170.912994,0.181548,0.555611
170.934998,0.182373,0.550315
170.934998,0.183127,0.544840
170.955994,0.183580,0.539262
170.955994,0.184415,0.533575
170.977005,0.185234,0.527150
170.977005,0.185718,0.521391
170.998993,0.186290,0.513696
170.998993,0.186921,0.504844
171.020004,0.187260,0.494503
171.020004,0.187925,0.484681
171.041000,0.188622,0.476082
171.041000,0.189297,0.468483
171.063004,0.189890,0.461822
171.063004,0.190256,0.453899
171.084000,0.190336,0.445866
171.084000,0.190502,0.435667
171.104996,0.190617,0.427062
171.126999,0.190888,0.421663
171.126999,0.190460,0.417115
171.147995,0.189989,0.413526
171.147995,0.189001,0.408079
171.169006,0.188345,0.401986
171.169006,0.187433,0.394806
171.190994,0.186857,0.387318
171.190994,0.186453,0.382042
171.190994,0.185590,0.378678
171.212006,0.184399,0.374864
171.233002,0.182994,0.370567
171.233002,0.181275,0.366130
171.255005,0.179875,0.361826
171.255005,0.178418,0.357703
171.276001,0.176854,0.354685
171.276001,0.175286,0.351672
171.296997,0.173351,0.349445
171.296997,0.171268,0.345791
171.319000,0.169004,0.343052
171.339996,0.166847,0.339202
171.339996,0.164618,0.335559
171.339996,0.162781,0.332236
171.360992,0.160471,0.328828
171.360992,0.158227,0.325207
171.382996,0.155648,0.321041
171.382996,0.153063,0.316873
171.404007,0.150632,0.312216
171.425003,0.147709,0.307465
171.425003,0.144777,0.302704
171.447006,0.141973,0.297331
171.447006,0.138962,0.291507
171.468002,0.135718,0.285843
171.468002,0.132676,0.280049
171.488998,0.129327,0.273388
171.488998,0.126144,0.267932
171.511002,0.122613,0.262445
171.511002,0.119354,0.257853
171.531998,0.115861,0.252934
171.531998,0.112336,0.247477
171.552994,0.108659,0.241772
171.552994,0.104992,0.234613
171.574997,0.101631,0.228156
171.574997,0.097605,0.223221
171.595993,0.094037,0.219256
171.617004,0.089794,0.215478
171.617004,0.085675,0.211357
171.639008,0.081490,0.206699
171.639008,0.077230,0.201489
171.660004,0.073284,0.196972
171.660004,0.069294,0.192531
171.681000,0.065292,0.189434
171.681000,0.061112,0.186747
171.703003,0.056574,0.184159
171.703003,0.051832,0.181970
171.723999,0.047179,0.178854
171.723999,0.042194,0.177099
171.744995,0.036893,0.175566
171.744995,0.031784,0.175033
171.766998,0.026517,0.175008
171.766998,0.020743,0.175067
171.787994,0.015533,0.175826
171.809006,0.009725,0.175992
171.809006,0.003925,0.176286
171.830994,0.997942,0.176986
171.830994,0.991770,0.177789
171.830994,0.985819,0.178747
171.852005,0.979569,0.180372
171.852005,0.973155,0.182447
171.873001,0.966697,0.184223
171.895004,0.960264,0.187223
171.895004,0.953449,0.190859
171.916000,0.947038,0.193914
171.916000,0.939976,0.197305
171.936996,0.932977,0.199930
171.936996,0.925714,0.202588
171.959000,0.918506,0.205452
171.959000,0.911035,0.208373
171.979996,0.903174,0.212748
172.001007,0.895337,0.217970
172.001007,0.886958,0.223391
172.001007,0.878730,0.228402
172.022995,0.870643,0.233176
172.022995,0.862241,0.237393
172.044006,0.853547,0.243205
172.044006,0.844628,0.249696
172.065002,0.835495,0.257877
172.065002,0.826611,0.266279
172.065002,0.817533,0.275562
172.087006,0.809006,0.284233
172.087006,0.800251,0.293009
172.108002,0.791986,0.301095
172.108002,0.783521,0.310517
172.128998,0.775177,0.319232
172.128998,0.767316,0.327150
172.151001,0.759538,0.335152
172.151001,0.751775,0.343396
172.171997,0.743726,0.349950
172.171997,0.736468,0.358337
172.192993,0.728814,0.365889
172.192993,0.721929,0.374451
172.214996,0.715419,0.382806
172.214996,0.708901,0.391165
172.235992,0.702536,0.400493
172.257004,0.696192,0.410718
172.257004,0.689853,0.421852
172.279007,0.683482,0.432025
172.279007,0.677349,0.442232
172.300003,0.671308,0.452207
172.300003,0.665413,0.461960
172.300003,0.659862,0.470854
172.320999,0.653957,0.480771
172.320999,0.648284,0.491467
172.343002,0.642324,0.503124
172.363998,0.636625,0.513962
172.363998,0.630786,0.524188
172.384995,0.625201,0.533343
172.384995,0.619552,0.540614
172.406998,0.614111,0.549152
172.406998,0.608965,0.558487
172.427994,0.603833,0.568198
172.449005,0.598972,0.577806
172.449005,0.594035,0.586044
172.449005,0.589332,0.592454
172.449005,0.584716,0.597379
172.449005,0.579969,0.602032
172.470993,0.575446,0.606150
172.470993,0.571290,0.612046
172.492004,0.566757,0.617741
172.492004,0.562349,0.623217
172.492004,0.558555,0.629140
172.492004,0.554778,0.633845
172.492004,0.550714,0.638502
172.492004,0.546637,0.642336
172.492004,0.542598,0.647443
172.492004,0.538817,0.651775
172.492004,0.535475,0.656678
172.492004,0.532186,0.661014
172.492004,0.528816,0.665845
172.492004,0.525159,0.670212
172.492004,0.521544,0.675112
172.492004,0.517847,0.679358
172.492004,0.514626,0.682741
172.492004,0.511168,0.686259
172.492004,0.507883,0.688276
172.492004,0.504561,0.690911
172.492004,0.501537,0.694198
172.492004,0.498879,0.697373
172.513000,0.495725,0.700572
172.513000,0.493138,0.703644
172.535004,0.490188,0.706830
172.535004,0.487509,0.709179
172.556000,0.484820,0.711485
172.556000,0.482074,0.714341
172.556000,0.479592,0.716675
172.556000,0.477060,0.720785
172.576996,0.474714,0.725240
